key,date,article_daily_id,title,text
20061216-0,20061216,0,徐子淇李家誠童話婚禮「我好好彩做到李太」,徐子淇李家誠童話婚禮 「我好好彩做到李太」 【本報訊】用妙韻悠揚的歌劇院做布景，用象徵富貴的牡丹花做陪襯，當新娘在悉尼海濱長廊向新郎獻上深深一吻之後，女藝人徐子淇便正式步入豪門，成為一段黃金愛情童話的最佳女主角。恒基地產主席李兆基幼子李家誠與徐子淇的婚禮昨日在澳洲舉行，李家豪擲億元迎娶新抱，新娘子興奮激動得向全世界高呼：「我好好彩做到李太！」　記者：何永寧、梁錦雯悉尼直擊 出嫁了！悉尼的天空刻意為徐子淇營造多點浪漫氣氛，昨日早上婚禮舉行的時候，雨點灑個不停。新娘子就在雨粉的點綴下，挽着父親的手，從RoyalBotanicGardens公園步下103級的長梯，徐徐走進悉尼港灣的婚禮場地。徐子淇穿着長長的頭紗和婚紗，加上濕漉漉的石級，一步一驚心。 七呎曳地婚紗步下長梯 婚禮場地座落於悉尼的海濱長廊，剛好在悉尼歌劇院的對岸。徐子淇冒着雨也要漫步石級，是因為長梯上可以盡覽歌劇院和悉尼大橋，長梯兩邊放上牡丹做裝飾，襯托着這個童夢般的婚禮。舉行婚禮的禮堂是一間棕櫚溫室，通往禮堂處搭起了一道粉紅色的帳篷，浪漫迷人。  貴人出門招風雨，昨日悉尼天氣反常，連場大雨令氣溫驟降，行禮時只得攝氏十多度。徐子淇說過，希望在澳洲行禮，是因為她在那裏長大。她的婚紗由著名時裝師鄭兆良設計，那曳地七呎的婚紗裙腳，全程都由伴娘打理。  婚禮大約在當地時間中午12時開始，徐子淇隨着父親進入禮堂，入口處有一條像剪綵模樣的繡花球，新娘子把花球輕輕除下，緩緩步向主禮台。父親把徐子淇交給新郎李家誠，婚禮正式開始。一對新人並非基督徒，但婚禮請了一位牧師主禮。 含淚捧着新郎臉龐深吻 說過一聲「Ido」（我願意），簽過婚約，交換過戒指，徐子淇眼中泛起淚光，新郎哥體貼的攬着她，新娘子激動得雙手捧着李家誠的臉龐，深深吻下去。婚禮大約15分鐘，徐子淇其後與妹妹、母親和現場親友逐一擁抱，場面溫馨。  婚禮過後是另一個高潮。一對新人應記者要求，在禮堂門前合照留念。新娘子當眾親了老爺李兆基的臉頰，逗得家翁笑逐顏開。然後新郎新娘再應記者要求公開親吻合照。在美麗的悉尼海灣上，他們互相擁吻三次，直至李家誠以害怕妻子着涼為止。  此刻徐子淇就如小鳥依人，隨着夫婿步上花車，臨走前，還向眾人飛吻。徐子淇接受訪問時堅稱自己的心情並不緊張：「冇平時行天橋咁緊張。」但她前晚只睡了兩小時，原因是行禮前須按傳統習俗上頭，上好頭還要等一雙紅蠟燭燒盡才可入睡。 李家誠愛的宣言：我愛佢 新郎李家誠則比較低調，記者問他，徐子淇是否夢中情人，都是由妻子代答：「係呀，佢暗戀咗我好耐。」記者要求新郎公開發表愛的宣言，李家誠臉紅紅的支吾了一陣，才說出三個字：「我愛佢。」  人們都以世紀豪華婚禮形容今次李兆基娶新抱，皆因李家花了過億元張羅打點。婚禮過後，李家在悉尼的StateTheatre歌劇院設宴招待親朋，眾人都恍如置身一個百老滙話劇當中。女主角徐子淇則再次剖白：「呢啲係緣份，我好好彩做到李太，有個咁好嘅老公。」  現年35歲的李家誠與24歲的徐子淇拍拖僅兩年多，本來任職演員及模特兒的徐子淇，嫁入千億豪門做少奶奶前，已低調地退出娛樂圈。
20061216-1,20061216,1,私家車掃欄飛撞九歲童斷骨插爆脾臟,私家車掃欄飛撞九歲童 斷骨插爆脾臟 【本報訊】一名9歲男童，昨日與母親和弟弟，準備前往外婆家中提早吃冬至團圓飯，在行經新蒲崗太子道東的行人路時，一輛私家車突然在對開馬路失事，全車狂掃路邊鐵欄，繼而翻側被一列行人隧道圍欄擋住；然而，被撞斷的鐵欄卻擊中男童胸部，他當場頭部受傷，折斷的肋骨更插爆脾臟。男童被送院後需要施手術切除脾臟，現時情況危殆。　記者：劉永明、周鴻熙 重傷男童梁裕康，9歲，與家人同住黃大仙采頤花園，康仔就讀小四，昨日下午2時許，36歲的母親帶着康仔和6歲幼子離開住所，準備到港島康仔外婆家中提早吃冬至團圓飯。事發時，他們在警方東九龍行動基地對開，步上行人隧道石級。  據稱，當時康仔行在最前面，母親拖着弟弟在其後兩三呎，他們靠着行人隧道出口旁邊的圍欄，往不遠處的巴士站，準備乘搭107號隧道巴士過海；在同一時間，57歲姓黃男子，正駕駛着他的92年出廠紅色日本思域私家車，沿太子道東第二線向旺角方向行駛。 司機稱閃避巴士失控 據肇事司機事後向警方表示，當時他由二線切入三線，豈料因為第三線正有一輛巴士駛至，他扭軚閃避時再切入第四線，結果失控與兩輛正在第四線的私家車碰撞；肇事私家車隨即撞向路中央分隔石壆，由於衝力猛烈，私家車反彈回路面，再橫越四條行車線，翻側撞向康仔一家三口行經的行人路。  私家車首先將一列四組共約15呎長的鐵欄撞斷，四組鐵欄向行人路方向飛彈開去，而車身翻側向康仔迎面鏟過去。正當康仔母子被嚇得目瞪口呆之際，私家車被行人隧道的圍欄擋住，千鈞一髮下在康仔面前兩呎停下，但一組被撞斷的鐵欄則擊中康仔胸部。 男童雙眼反白母大驚 康仔頭胸被撞，重傷倒在地上，站在康仔後面的母親見狀大驚撲上前。她事後表示，當時見康仔雙眼反白，全無反應，真擔心他從此「講唔到嘢」；當時，多名正在上班的機動部隊警員經過上址，立即協助搶救及報警，並安慰女事主：「佢冇事㗎，識得嗌痛啦！」男童事後被送院急救，醫生證實他幾條肋骨折斷，並插爆脾臟，需要立即施手術切除脾臟，現時情況仍然危殆。警方封鎖現場調查，肇事司機經酒精測試，證實並無飲酒，警員事後將他帶署調查。 的士工會指暗彎陷阱 市區的士司機聯委會主席郭志標指出，意外現場是暗彎陷阱：「之前一條大直路，唔知有彎，一入彎就冇得收喇！呢個陷阱講咗成20年，熟路嘅都唔算太過危險，但一啲唔熟路嘅司機就好容易出事！」  事發現場一帶在03年曾發生兩宗奪命車禍，當年7月初，一名15歲少年取走父親的電單車揸「大膽車」，在舊機場往旺角方向失事慘死。同年12月中，載有4名男女的私家車，往觀塘方向駛至采頤花園對開，失事着火，司機和後座女乘客被活活燒死。
20061216-2,20061216,2,新聞資訊研究組死前吐血或因先天性心漏症,新聞資訊研究組 死前吐血或因先天性心漏症 年僅12歲男生魂斷陸運會，事前全無徵兆。心臟科專科醫生黃品立說，不論年紀，大部份猝死個案都與心肺系統和腦血管問題有關。根據死者臨終前吐血症狀看來，可能與先天性心漏症有關，當患者進行激烈運動時，會出現嚴重心律不正，肺部血壓升高，令血管爆裂，血液從氣管湧出；但也有可能是肺部血管先天性畸形，因劇烈運動引致爆裂。 「谷爆肺」可能性很低 對於現場消息疑死者因運動「谷爆肺」，黃認為可能性很低，因為爆肺不會引致如此急速死亡。黃建議家長讓子女參加運動比賽前，先徵詢醫生意見。  香港浸會大學體育學系助理教授雷雄德形容短跑是安全的運動，統計學上每10萬至30萬人當中，會有一人在運動中突然死亡，當中90%與先天性心臟或血管問題有關，家長如發現子女在運動後出現氣喘、頭暈、心跳不正常等情況，應盡快求醫。  不少網民也關注事件，迷你論壇的Kit看化人生：「人生就係咁，你唔會知下一秒發生咩事。」機械人認為：「跑一跑就死，好恐怖！」星藍則說：「今日我學校都係sportsday，聽到好不安。」
20061216-3,20061216,3,兩款熱賣ThinkPad大學生電腦價格比較,"兩款熱賣ThinkPad 大學生電腦價格比較 T60p 型號：T60p  香港行貨價：25,488港元  香港大學生優惠價：13,956港元  大陸水貨價*：18,000元人民幣 T60 型號：T60  香港行貨價：13,924-18,176港元  香港大學生優惠價：7,548-10,536港元  大陸水貨價*：11,000-15,000元人民幣    *註：大陸水貨價指商人將電腦運回內地銷售售價  資料來源：內地網站"
20061216-4,20061216,4,18歲男生殺同窗判囚29年庭上揭曾盜竊　死者擬做「金手指」,18歲男生殺同窗判囚29年 庭上揭曾盜竊　死者擬做「金手指」 【本報訊】成績優異的18歲男生林漢文，涉於去年底在鰂魚涌公園殺同窗，被裁定一項謀殺罪名成立，至昨日判刑為止行兇動機仍未明。法庭進一步透露被告去年曾牽涉校內盜竊案，死者原打算在案中做「金手指」，法官宣判時表示，考慮被告犯案時年僅17歲，加上重犯機會不高，希望給予自新機會，故未有按一般謀殺罪判終身監禁，判入獄29年。 聞判後並無反應 是八級鋼琴高手的被告，曾患強迫症但已治癒，他昨在庭上聞判後並無反應。死者蔡煒樂的父親為一名警員，蔡母在判刑後向本報記者表示，整件事經已完結，以後會重過新生，她拒絕就判刑是否合適作出回應，但認為法律公正。被問及被告家人有否向他們一家道歉，蔡母顯得頗為激動，「佢（被告）從來都冇認過，道乜嘢歉呀？」  法官貝珊在判刑時引述背景報告，指被告在讀中學期間，曾因在校內打架而被迫轉校或踢出校，以致他在中一至中三年級曾在三間學校就讀，其父母更曾將他送到英國讀書，惟因他未能適應而回港，並於03年加入鄧肇堅維多利亞中學就讀，認識同級但不同班的死者。被告於去年5月承認兩項盜竊罪，被判接受感化12個月，若他當時否認控罪，死者將為該案控方證人。據悉，被告涉及校內盜竊案，惟死者並非該案受害人。法官續指，被告自小學業成績相當優異，中四時獲分派至精英班；他雖曾患強迫症，但已治癒。感化官報告指被告有反社會性格，且傾向將錯誤怪責他人，感化官認為被告受父母過份保護，他喜歡與較年輕的人為伍，案中死者也比他小一歲。 兩人原是好朋友 代表大律師替被告求情時指，被告在老師及同學眼中是好學生，他於去年被捕後被還柙，二十多名同學聯署寄聖誕卡給他。大律師續稱，被告於獄中參與去屆中五會考並獲全科及格，不過因成績不理想，所以決定明年重考。  案情指，被告與死者為好友，被告於去年12月6日晚與死者相約到太古城一間遊戲機中心打機至午夜。二人其後到附近便利店買啤酒，再爬過已關閉的鰂魚涌公園鐵欄，到裏面暢飲聊天。至凌晨二時許，公園保安員在例行巡查時，發現死者躺在更衣室外沒有動靜，其後被證實身中多刀，流血過多至死。  警方憑死者的電話紀錄，到被告家中調查，除搜出屬於死者的手機，更在被告一件外衣及一隻鞋子上發現染有死者的血迹。被告被捕後一直未有作出招認，只是說過可以帶警方找回兇刀。不過當探員提醒他有保持緘默的權利後，他再未有提供任何資料。  案件編號：HCCC60/06
20061216-5,20061216,5,港大學生電腦深圳熱賣,"港大學生電腦深圳熱賣 【本報訊】今年八月起，內地多個網站大事宣傳深圳福田華強電子世界「有香港大學生電腦賣」，留言更吹噓「傳說國內行貨賣到45,800元的T60p，看起來多麼吸引」，且標明是科技大學及城市大學學生機，有人更攝下包裝紙盒「大學生電腦」字句上載網頁以示正貨。這批大學生水貨電腦售價較內地行貨便宜很多，十分搶手，內地電腦商每賣一部利潤高達5,000元，難怪他揚言「下年八、九月，又去城大同科大收機！」 內地網站專文解構 福田華強電子世界有若香港深水埗黃金電腦商場，是國內知名售賣電腦及電子產品中心，商場內有逾百家售賣電腦產品店舖，公然售賣水貨香港大學生電腦。今年大熱的是屬於頂級機款，在內地有筆記簿機王之稱的聯想ThinkPadT60p手提電腦，水貨商在網上聲稱買家遠至上海、成都都可直接訂貨，更指「訂貨結束，先到先得」，掀起搶購潮。內地資訊網站《走進中關村》更有專文解構香港學生機熱潮由來。  一名水貨商稱，配備CoreDuo處理器及指紋辨識系統的ThinkPadT60p大學生機雖是水貨，但可享香港三年保養，較內地行貨只享一年保養，如同優質保證，而最重要是香港大學生只需13,956元優惠價便可購得這款內地網站吹噓行貨價逾40,000人民幣的優質電腦，即使水貨商以18,000元人民幣水貨價出售，每部機仍淨賺至少5,000元，利潤豐厚。  記者上周來到華強電子世界，發現ThinkPadT60p手提電腦已搶購一空，只餘一家店舖仍出售數台ThinkPadT60手提電腦，由於包裝紙盒印上「城大學生機」相信亦是香港大學生特價電腦。姓趙東主稱「每年六、七月，內地網民都熱烈討論購買香港大學生電腦，唔少客戶知道我會嚟香港訂貨，都預早交貨單。」利之所至，他亦視每年來港收買大學生電腦為搵大錢旅程。"
20061216-6,20061216,6,聯想規定半年內不得出讓,聯想規定半年內不得出讓 【本報訊】對於有大學生集體捲入倒賣學生特價電腦風波，聯想電腦發言人表示，已發現有人將專供大學學生及教職員購買的特價電腦轉讓外人圖利，現時公司規定每位學生或教職員只能購買一部電腦，及不能在首6個月內轉售或出讓，否則公司會保留追討差價及取消相關電腦「國際保養服務」權利。另外，每部優惠價電腦盒外印有「香港××大學學生機」字句，方便用戶識別。  發言人續稱，聯想與科大合作向大學生及教職員提供優惠電腦計劃已有四年。今年，該公司除與科大合作外，亦向城大及嶺大推行同類計劃，公司會研究加強措施，防止有人從中取利。 違約轉售可追差價 科技大學發言人表示未收過有關投訴，並稱電腦銷售商已規定每名學生只可購買一部電腦，且於首半年內不能轉讓，否則電腦商會保留追討差價的權利，希望在條款約束下，學生會自律。  嶺南大學則指學生應遵守不能轉讓電腦條款，校方暫未接獲關於學生炒賣配額及轉售電腦投訴。被指有學生捲入倒賣電腦風波的城市大學，則至截稿時仍未回覆。  法律界人士梁永鏗稱，其實大學生購買特價電腦，銷售商會制訂特定條款規限，若學生中途轉售電腦等同違約，供應商有權向學生追收差價；至於本港電腦商若未循正式途徑向中港兩地海關申報，便將電腦運往內地銷售，可能違反進出口法例，涉嫌走私瞞稅。
20061216-7,20061216,7,新聞資訊研究組被告曾患強迫症　屬焦慮症之一,新聞資訊研究組 被告曾患強迫症　屬焦慮症之一 對於被告林漢文曾患強迫症，中文大學精神科學系教授李誠指出，強迫症（Obsessive-CompulsiveDisorder）屬焦慮症的一種，患者可接受藥物及行動治療法改善，而愈早接受治療痊癒機會愈高。 2%人患病 李誠表示，強迫症患者會在「思想」或「行為」上作出無法自我控制的情況。例如擔心被細菌沾污而不停洗手，或經常檢查門鎖等，雖然大部份強迫症患者知道這些行為是非理性，但由於不能自制地重複有關動作，因而會對患者的學習、工作及社交生活構成影響，甚至患上抑鬱症。資料顯示，2%人會患上強迫症，首次發病年齡約於十多歲的少年期。  對於再有青年干犯嚴重罪行而入獄29年，網友ncwken在香港討論區不禁問：「香港學生兇殘？」大部份網友則認為被告應該為自己的行為負責，呼籲年輕人引以為鑑。
20061216-8,20061216,8,湯汁產生亞硝胺　消委會促注意寒冬飲食菠菜、生菜打邊爐易生致癌物,湯汁產生亞硝胺　消委會促注意寒冬飲食 菠菜、生菜打邊爐易生致癌物 【本報訊】寒冷天氣終來臨，天文台昨晨錄得本港入冬以來最低溫度攝氏14.7度，遲來的冬天叫火鍋店擠滿食客，但消費者委員會稱，打邊爐湯汁有機會產生致癌物「亞硝胺」，份量雖屬輕微，但若放入過多火腿、腸仔及午餐肉等醃製食品，或菠菜、生菜等，會增加產生亞硝胺的可能性，建議市民不應常打邊爐。　記者：翁煜雄、蔡朗清、馮永堅 本港昨日天氣寒冷，天文台預料一股亁燥冷空氣補充，今日將抵達華南，預料今晚會降至攝氏13度，明早及下周一降至最低12度，寒冷天氣將會持續數天。嚴寒天氣下市民多愛打邊爐，消委會宣傳及社區關係小組主席郭琳廣昨在公布最新一期《選擇》月刊內容時指出，有關注指打邊爐湯汁會產生「亞硝胺」（nitrosamine），實驗證明亞硝胺會令動物患癌，亦通過胎盤令胎兒生腫瘤。 少吃醃製肉類 中文大學食品及營養科學課程主任張志強解釋，亞硝胺是化學物質「亞硝酸鹽」（nitrite）與「胺」（amine）相遇時，產生化學作用形成；亞硝酸鹽存在於環境、食物或防腐劑，胺則來自蛋白質，含亞硝酸鹽的食物，與肉、魚等蛋白質豐富食物在湯汁相遇時或會產生亞硝胺。不過，亞硝胺於酸性環境才較活躍，湯汁屬鹼性，即使有機會產生亞硝胺，分量只屬輕微。  「但如果放入太多火腿、午餐肉就唔好。」他解釋，醃製肉類如火腿、午餐肉及腸仔等有較多防腐劑，亞硝酸鹽含量較高；一些常用於火鍋的蔬菜如菠菜、生菜，天然含「硝酸鹽」（nitrate）較多，硝酸鹽在人體可轉化為亞硝酸鹽：「菠菜、生菜都有佢嘅營養，只係唔好食太多啫。」  他說，蔬菜的維他命Ｃ可減少亞硝胺的形成，故打邊爐時可多放含硝酸鹽較低的蔬菜，如番茄等，以及多飲新鮮果汁。  至於「打幾多次邊爐有患癌危險」，張說暫無指標，但毋須過份擔心，因打邊爐時就算加入亞硝酸鹽含量較高食物，只要不過份進食也沒問題：「當然唔好日日打邊爐啦，咁樣飲食都唔均衡啦。」他又說，亞硝酸鹽進入人體，大多會隨尿排出，而且胃黏膜也會分泌維他命Ｃ，抑制亞硝酸鹽在胃部與胺產生亞硝胺的情況。  衞生署食物安全中心也稱，市民進食火鍋時也不宜進食過量高脂肉類和海鮮。  寒冷姍姍來遲，市民若因此少打邊爐，火鍋店最叫苦，餐飲聯業協會會長黃家如稱，去年11月已轉冷，火鍋店生意滔滔，惟今年遲遲不轉冷，生意急挫逾一成，幸近日氣溫急降才回升一成。 後天降至12℃ 天文台料下周一氣溫降至最低攝氏12度，成衣店主認為冬天「遲到好過冇到」，在旺角開設體育用品店的胡先生昨稱，禦寒羽絨每件雖售約千元，過去三天也售出約20件；百貨商業僱員總會外務總幹事鄭乃恩說，冬季是百貨業黃金檔期，遲來的冬天令生意額急挫逾兩成，近日才反彈兩、三成。連鎖店JCShop負責人莊天頌表示，暖爐平時每天僅售三、四部，但昨日已售逾百部，「天氣一凍巿民即刻搶購。」
20061216-9,20061216,9,入冬首個寒冷警告　今明低溫12℃,入冬首個寒冷警告　今明低溫12℃ 【本報訊】由於一股強烈東北季候風吹至，天文台昨午發出今年入冬以來首個寒冷警告，預測今早氣溫將跌至攝氏12度，日間最高17度，市民外出要多穿禦寒衣物。有醫生指出，兒童、長者和減肥人士較易患上低溫症，須加提防，而喝酒不但無助保溫，反會令體溫下降。 冬至日氣溫再回落 昨日清晨過後，雲層開始散去，至下午時分轉為天晴，入夜後氣溫由日間17度逐漸下降，天文台提早在下午4時20分發出寒冷天氣警告，是今年入冬後首次發出。  天文台預測，今晨氣溫會降至12度，日間最高17度，天晴和非常亁燥，相對濕度介乎35%至55%。明日情況將與今日相若，隨後兩天雲量會增多，氣溫略為回升；不過本周五冬至日，氣溫會再度回落至最低13度，預料下周日平安夜當日也會略為寒冷。  家庭醫生關嘉美表示，在寒冷天氣下，兒童和長者如果保暖不足，可能會患上低溫症，有腎病和心臟病的長期病患者也屬高危人士，節食減肥人士如果血糖過低，也易患上低溫症。她說，面青口唇白、感到頭暈、呆滯、手腳冰冷都是低溫症症狀，應立刻吃點東西和喝熱飲紓緩，否則當體溫下降至攝氏35度便屬十分危險，需入院救治。  關嘉美續說，臨近節日，不少人會喝酒慶祝，但酒精會令血管擴張，加快散熱，因此切勿以為飲酒可保暖。她特別指出，人體一半體溫經頭部散失，建議光頭人士和長者戴帽保暖。由於今年注射流感疫苗的市民較往年減少，近月患上感冒人士明顯較多。 肉類雞蛋徹底煮熟 食物安全中心提醒市民，海產、禽肉和鮮蛋帶有較多病菌，如副溶血性弧菌和沙門氏菌，打邊爐時必須徹底煮熟。  長者安居服務協會的「一線通平安鐘服務」昨凌晨至昨晚11時，共接獲1210次求助，當中52人要送院。民政事務總署宣布，轄下避寒中心將於每日下午5時半至翌日早上8時半開放予有需要市民使用。 寒冷天氣求助熱線 社署：23432255  民政事務總署緊急事故協調中心（查詢入住避寒中心）：28351473  長者安居協會「一線通平安鐘」：23388312    資料來源：上述機構
20061216-10,20061216,10,話你知：飲邊爐湯汁很燥熱,話你知：飲邊爐湯汁很燥熱 不少人喜歡打邊爐時飲用湯汁，但學者及中醫師都建議少飲為妙。中大食品及營養科學課程主任張志強稱，應避免飲用打邊爐後的湯汁，因為火鍋食品如牛肉、雞肉等可溶性物質，都流入湯汁裏，濃度很高，會增加攝取過量脂肪、鹽份，甚至有害農藥的可能性。中醫師關之義也稱，不少人誤以為打邊爐時放入不少蔬菜，故飲湯汁便可以清熱，但事實上，打邊爐湯汁不斷加熱，已屬十分「熱氣」食物，再加上不少肉類已混入湯汁，故多飲只會「燥上加燥」。
20061216-11,20061216,11,36%港人聖誕送禮花二千零售生意增四成　趁勢延遲減價,"36%港人聖誕送禮花二千 零售生意增四成　趁勢延遲減價 【本報訊】又到聖誕，又給愛消費港人一個瘋狂購物的藉口。一項國際調查顯示，36%受訪港人表示會買聖誕及新年禮物，最多會送衣飾、朱古力及玩具予親友，花費平均達2,254元，十分豪爽。本地零售店舖也大大受惠，生意急升四成，更因而將減假期推遲，趁機賺個夠。　記者：翁煜雄、謝明明 AXA集團連續第三年進行有關聖誕新年調查，受訪地區包括香港、內地、新加坡、日本、美國、英國、澳洲、德國、法國、比利時及西班牙，本地共有310名逾25歲在職者受訪。結果發現，雖然59%港人對聖誕及新年沒太大感覺，但36%會為親友選購聖誕及新年禮物，其中45歲以上的更達48%。 內地送禮更重手 港人送禮也爽手，平均花2,254元買禮物，大部份會選購衣飾，其次為朱古力及糖果，玩具也是送禮之選。內地經濟起飛，禮物也益發「重手」，花費更高於本港，達2,635元。  至於聖誕及新年願望，80%港人祝願親友身體健康，其次分別是快樂及世界和平，另一方面，本港是最多人祝願「發財」的地區，佔23%。  整體而言，全球最愛於佳節送禮的是美國，其次是法國、澳洲及英國；最大手筆是美國，花費逾9,000港元，英國也花費近8,000港元。調查又訪問各地已退休人士，結果相距不遠。  本地商場apm發言人說，今年聖誕新年市道極暢旺，顧客平均花1,500元至2,000元，較平日多近一倍半，商戶多將減價延遲兩周，至本月中旬後才減價。  以衣履為例，銷售額已有達40%增長，例如今年冬季流行閃石設計的鞋履大受歡迎。至於聖誕禮品套裝部份更賣斷市，商戶需要從其他分店補充貨源。聖誕到會的生意額則上升20%至25%；珠寶首飾銷售額有20%至25%增長：「今年好多女士會買真首飾去聖誕派對，平均會買約一萬元首飾。」 手錶衣服最好賣 海港城商場發言人說，今年人流有10%至20%增長，以手錶、衣服、化妝品及名牌手袋銷情最佳，營業額料有20%增長。  中文大學市場學系教授冼日明指出，港人消費意欲高，聖誕市道暢旺，但並不代表全部港人購買的聖誕禮物，都會送予他人，「啲人買多咗嘢，可能只係買畀自己，而唔係買嚟送畀人，畢竟香港人交換聖誕禮物嘅普及性，始終唔及得美國。」 港人購買聖誕禮物調查 項目：會買聖誕禮物予親友  比率：36%    項目：首三項最常送予親友的聖誕禮物  比率：服飾（72%）、朱古力及糖果（70%）、玩具（62%）    項目：平均買聖誕禮物花費  比率：2,254元  資料來源：AXA集團"
20061216-12,20061216,12,股市旺靚車遊艇暢銷,股市旺靚車遊艇暢銷 【記者林浚川報道】今年股市由年中升到年尾，加上新股上市帶挈不少散戶贏錢，股民趁着聖誕歡天喜地買聖誕禮物，最便宜要三萬多元一部的Vertu手機見一部掃一部；動輒數十萬元一輛的豪華七人車及百萬元遊艇都是今年高消費族的搶手聖誕禮物。 買車一筆過找數 統計處數據顯示，今年10月新車銷量較去年勁升27%，近年主力售賣50萬至60多萬元一輛貴價七人車的富利堡集團，10月至今已賣了百多部車，老闆黃毅力形容銷情出奇熾熱，「好多客嚟睇車後即時扑槌，唔少人仲一筆過找數。」據他觀察，買家多是在金魚缸獲利的股民，賺錢快自然使得豪。他預期農曆新年前消費旺季，銷售數字起碼再升一成。  股民有斬獲，奢侈品需求大增，售賣超貴價手機品牌Vertu的景福珠寶集團，今年下半年銷售數字增長近兩成，其中3.1萬元一部的入門級型號Constellation最搶手，顧客見一部掃一部，「一推出已經好多人問，呢兩個月有貨之後已賣出幾十部。」景福珠寶經理余君揚稱，售價4萬元以上的Ascent跑車賽道版，以及採用鑽石和白金鑲製、逾40萬元一部的Signature型號同樣渴市，他預期未來兩個月節日氣氛濃厚，貴價手機、珠寶及名錶銷量都會有一成增幅。  名牌電話、名錶是身份象徵，搵到錢的中產更捨得享受生活，中產人士潮玩花式滑水（wakeboard）、潛水和出海釣魚，令快艇和小型遊艇銷情節節上升。代理日產小型遊艇的群記公司總經理楊健忠稱，今年銷情比去年上升一成半，新船連二手船售出近60艘，他說買家現時訂購，剛好於明年初有新船下水。鑑於股市暢旺，消費者更捨得花錢娛樂，預估未來兩個月生意有一成增幅。
20061216-13,20061216,13,本港七天天氣預報,本港七天天氣預報
20061216-14,20061216,14,黃海牌　立業牌購自深圳　HTN本港有售三款電氈不合格易灼傷,黃海牌　立業牌購自深圳　HTN本港有售 三款電氈不合格易灼傷 【本報訊】近日天氣轉冷，不少巿民購買電熱氈保暖，甚至到內地深圳買平貨；消委會最近測試11款電熱氈，其中兩款購自深圳的電氈未能通過安全測試，當中一款在低室溫環境測試中超標，溫度高達攝氏50度，另一款甚受港人歡迎的電熱氈在故障測試項目中，溫度更飆升至81度，足以灼傷安睡中的使用者。 黃海牌飆升至81℃ 記者昨到港人經常購物的深圳東門天虹商場超巿，內裏發售多款黃海牌電熱氈，每張價錢由85元至319元不等，較本港出售、動輒500多元的便宜。售貨員表示，每年冬季不少港人到此購買該牌子的電熱氈，帶回香港使用。  消委會鑑於不少港人愛到內地買電熱氈等物品，故今次測試11個電熱氈樣本，當中包括兩款在深圳購買，分別是黃海牌TT150x75-3x及立業牌TT145x70cm-10x型號，其餘九款在港購買。樣本售價由人民幣108元（與港元相若）至港幣655元不等。  《選擇》月刊公布的測試結果顯示，兩款購自深圳的樣本未能通過測試，當中立業牌在低室溫環境（攝氏0至15度）及最低功率的設定下進行操作測試，仍量得溫度達攝氏50度，超出標準限制的37度，會令使用者體溫過高而出現中暑的狀況，以及皮膚被灼傷。  消委會續稱，安全電熱氈一旦發生故障，根據國際標準也不應出現溫度過高或絕緣強度減弱等情況；故今次其中一項測試刻意弄壞樣本的零件，量度操作中溫度，結果顯示黃海牌的溫度達攝氏81度，超出標準規定的上限60度。立業牌則在不正常摺叠使用測試中，溫度稍為超過標準上限145度。另外，該兩個樣本電線強度不合格，經拉力測試發熱線外皮出現裂痕，會造成觸電。 HTN電線拉力未達標 消委會副總幹事劉燕卿表示，一般人蓋着達50度的電熱氈正常會扎醒，但一些長者、小朋友及糖尿病患者對熱的敏感度不足，容易被問題電熱氈灼傷而不知。劉燕卿補充說，購自本地大部份樣本的測試結果令人滿意，只有聲稱產自歐洲的一個牌子「HTN」Ideal165III型號的電線拉力強度測試稍為未達標，以及物料阻燃能力不足；四款標示說明不完善，但對使用者不構成安全問題。機電工程署已跟進事件。
20061216-15,20061216,15,兩萬元做船主　揸艇出海釣魚,"兩萬元做船主　揸艇出海釣魚 小型遊艇價錢平民化，部份還可分期供款，以一艘18呎長的小型遊艇約需20萬元計算，消費者只需付兩萬元便可榮升船主。  不過，消費者需同時考慮船隻寄存問題，現時不少海上活動熱門地如清水灣和深水灣都有公司提供寄存船隻服務，每年費用約需1,000元起。 搶手型號：Skibsplast555vector 售價：約＄168,000元（不包引擎）  賣點：採用全開放式設計，可圍繞船身行走，中間揸軚，適用於滑水和釣魚等水上活動，屬入門級小型艇。 專家拆解 群記總經理楊健忠提醒消費者，駕駛船隻必須持有海事處發出的駕駛執照，一般情況下只需個半月即考獲執照，但由於考試只有筆試部份，及格者亦不過是紙上談兵，因此買船後宜聘請專業人士作實戰指導。"
20061216-16,20061216,16,貴價Vertu手機　三萬元有交易,"貴價Vertu手機　三萬元有交易 由手提電話生產商Nokia建立的Vertu品牌，可以說是手機界的勞斯萊斯，用料和手工都力求奢華。如採用白瓷機枕，即使長時間貼着機身講電話，耳仔仍然「涼浸浸」；質地堅硬的藍寶石水晶顯示屏，更有極強抗磨保護，個別型號分別採用18k黃金、白金和鑽石作機身物料。 搶手型號：Constellation 售價：$31,000元起  賣點：Vertu最低價型號，同樣有白瓷機枕和藍寶石水晶顯示屏，具備全球定位系統，可查詢航班機位。另有18K金版售價逾12萬。 專家拆解 Vertu品牌手機只具備一般手提電話基本功能如彩色顯示和藍芽，景福珠寶經理余君揚不諱言炫耀性較高：「買Vertu只因佢夠豪華，用料特別，講究功能的人就不會買Vertu。」"
20061216-17,20061216,17,選購電熱氈需知,選購電熱氈需知 宜 ●經常檢查電氈是否過熱、表面有否熨焦痕迹等；若損壞必須即時停止使用，並從電源插座拔出插頭  ●不使用時，應從電源插座拔出插頭  ●使用由外地購買回港的電氈，應注意輸入電壓是否與本港供電配合，並確保插頭是本港三方腳或三圓腳插頭 忌 ●嬰兒、傷殘人士及行動不便的長者，或對熱力不敏感的人，不應使用電氈  ●切勿弄皺電氈，以免損壞內部發熱線  ●切勿將電氈摺叠使用，以免電氈過熱  ●切勿與暖水袋一起使用  ●切勿將扣針或其他尖銳物件刺入電氈，以免損壞內部發熱線引致觸電  ●電氈不可亁洗或濕洗，只應用亁或濕布塊清理電氈上的細微污迹  資料來源：《選擇》月刊
20061216-18,20061216,18,遊戲展昨4萬人入場　Cosplayer脫衣贏獎,遊戲展昨4萬人入場　Cosplayer脫衣贏獎 【本報訊】亞洲遊戲展及高清數碼秀，昨滿場春色，20多歲的小琪參加Cosplayer總決賽時，於舞台上面對萬千群眾前，慢慢地脫去多層衣飾，最後只穿bra-top及內褲狀戰衣；其實她只是模仿電子遊戲主角，才「為藝術犧牲」，這份勇氣讓她奪得全場總冠軍。 第100萬名訪客有禮物 展覽昨日進入第二天，吸引逾四萬人入場，第100萬名訪客更獲PlayStation3等總值10萬元禮品，幸運兒司徒福添與兒子稱平日都愛打機：「本來嚟買PS3，𠵱家唔使。」  Cosplayer總決賽23名參賽者昨施展渾身解數，任文職的小琪，上台時本來平平無奇，只見她慢慢脫下色彩斑斕的遊戲服，四層衣飾在觀眾叫囂聲中去盡，惹來全場注目。只穿bra-top及內褲狀紅色戰衣的小琪，在全場SMS短信公開投票下，奪得王者寶座。她說穿的都是遊戲《FIGHTOFTHEKING》人物麻弓雅典娜的服飾，為忠於原著不介意性感示人。  另外，SonyComputerEntertainment發言人透露，今日買20G版PS3時需購的遊戲軟件會由3隻減至1隻。他說，PS3已增加來貨，大部份顧客均可買到，而聖誕版銀色PSP也已售罄。
20061216-19,20061216,19,四款安怡產品　影響食薄血藥心臟病人,四款安怡產品　影響食薄血藥心臟病人 【本報訊】食物安全中心昨接獲世界衞生組織通知，新西蘭出產的四款安怡成人奶類營養產品，加入了維他命Ｋ，可能會影響正在服食薄血藥華法林納（warfarin）的病人，抵銷藥物的功效。入口商承諾會在奶類產品包裝加上警示標籤，食物安全中心提醒正服用有關產品病人，宜徵詢醫生意見。 含維他命Ｋ抵銷功效 四種本港有售的奶類產品，包括安怡高鈣脫脂奶粉、安怡長青高鈣脫脂奶粉、安怡高鈣低脂牛奶飲品及安怡長青高鈣低脂牛奶飲品。食物安全中心首席醫生（風險管理）莫天娜昨表示，安怡的成人營養奶類產品本身沒有問題，未有需要回收，只是正服食薄血藥的病人需留意，安怡已答允在產品包裝上添加警示標籤，本港暫未收到病人飲用有關奶類產品後不適的呈報。  伊利沙伯醫院心臟專科主管蔣忠想表示，需要服食薄血藥的主要是更換過心瓣及心房顫動的病人，由於維他命Ｋ會抵銷華法林納的療效，病人若連續幾天飲用兩杯有關奶類產品，華法林納的功效即會降低。他解釋，一般人每天攝取的維他命K由數十至數百微克不等，醫生是因應病人平日攝取量，調校華法林納的份量，達到防止血管栓塞的功效，故正在長期飲用有關奶類產品的病人，也不宜立即停止進食，應先徵詢醫生意見。 攝取綠色蔬菜已足夠 中文大學健康教育及促進健康中心註冊營養師何敏指出，維他命Ｋ主要是協助人體內血液凝固，防止流血不止，綠色蔬菜都含有維他命Ｋ，一般人只需從食物攝取已足夠，毋須額外進食添加維他命Ｋ的產品，尤其是服食薄血丸者。她解釋，由於薄血丸是稀釋血液濃度，以免血液阻塞血管，與維他命Ｋ的功能背道而馳。
20061216-20,20061216,20,環球嘉年華機電署監察運作,環球嘉年華機電署監察運作 【本報訊】昨日是位於添馬艦的環球嘉年華開幕後首個周末，卻受日前機件故障及天氣寒冷影響，入場人數不算多，不少遊人毋須輪候長時間，已可玩齊大部份至激遊戲，體驗「玩到嘔」滋味。不過，機電工程署稱至今對20個機動遊戲批出許可證並派人駐場監察，但昨日卻有23項遊戲開放；主辦單位堅稱全部遊戲已獲發許可證。 五臟六腑似「大兜亂」 前來玩跳樓機等機動遊戲的陳先生在玩後表示，不知嘉年華前日開幕時跳樓機一度故障，「如果知道今日就唔敢嚟玩啦。」跳樓機昨運作正常，日前曾冒煙的「老鼠也瘋狂」也無問題。昨日入場套票售價已恢復正常，成人門票110元至225元，兒童及長者75元至180元。  「跳樓機」、「G-Force」及「極速大風車」被視為最激機動遊戲，記者親身試玩大部份遊戲後，發現看似「兒戲」的其實也「奪魄驚心」，如「青蛙跳」隨時會快速升高降低，感受離心力時頗為刺激。  「老鼠也瘋狂」的遊戲車則會沿路軌快速飛馳，而且會自轉，令玩者感覺天旋地轉。  至於「一級方程式」，玩家需走上逾20米高的滑梯，直滑而下經過10多個急彎，滑下時感到五臟六腑好像「大兜亂」。  環球嘉年華發言人表示，30項機動遊戲中，除3款未到港或已取消，其餘27款已獲機電署批出許可證，只是其中4款因未完成有關的員工培訓，暫只開放23款。但機電署發言人昨表示，至今只批出許可證予20款遊戲，未獲批的不可開放，署方有駐場人士在場監察遊戲運作。
20061216-21,20061216,21,開張大混亂　30%機械未經批許運作環球嘉年華跳樓機乘客半天吊,開張大混亂　30%機械未經批許運作 環球嘉年華跳樓機乘客半天吊 【本報訊】昨日正式開幕的添馬艦環球嘉年華變成混亂嘉年華：大會臨時延遲兩小時開幕，令40多名輪候人士冒雨呆等；跳樓機故障，乘客遭半天吊了五分鐘才緩緩着地；有機動遊戲突然停電及冒出大量黑煙；這個標榜囊括30個機動遊戲的嘉年華，截至昨晚有三分一未獲當局批許操作，當中更有一款取消來港。主辦單位昨日已將門票劈價至三折「補鑊」，今天起票價恢復正常。　記者：白琳、黃可欣 嘉年華原本於昨早11時開放，主辦機構臨時卻突然宣布，由於天雨關係，將開放時間延至下午1時，並宣布昨日全日的入場人士可享門票優惠：成人票由110元減至30元，小童票由75元減至20元。現場所見，嘉年華初時只得6款機動遊戲開放，其餘在下午3時半才陸續開放。有入場人士表示，雖然遊戲數目比預期少，但以優惠價而言尚可接受。  嘉年華甫開幕，大學生Sharon獨自玩跳樓機時升到半空突然停頓，「倒數咗兩次都唔郁」，被困五分鐘才徐徐降下。Sharon感到失望但沒有受驚，在地面等待的男友家榮反而非常擔憂，「大會好唔負責任，唔應該未check清楚就畀人玩；已經延遲咗開放啦，仲係有問題。」  傍晚時分，機動遊戲「老鼠也瘋狂」運作途中突然停止運作及燈光熄滅，發電機組冒出大量黑煙，並發出濃烈的燶味，有些入場人士見狀歎謂：「嘩，好恐怖呀。」 故障原因有待了解 環境運輸及工務局表示，大會的30個機動遊戲中，由於天雨關係影響評估進度，昨日只有20個完成評估及批准操作。  主辦機構AIA表示，上述遊戲事前測試正常，故障原因有待了解；「繽紛滑梯」及「破壞者」分別於下周及本月底到港；「歡樂天地」則臨時取消來港。  部份機動遊戲故障及尚未全面開放，間接帶旺攤位遊戲。有入場人士表示，遊戲非常易玩，很多人都滿載而歸，手捧數個中獎公仔。與兩名好友共贏得20個公仔的明明說：「啲廸士尼公仔好靚，好抵玩」。
20061216-22,20061216,22,新聞資訊研究組切除脾臟　免疫力減弱,新聞資訊研究組 切除脾臟　免疫力減弱 在太子道東嚴重車禍中受重傷的9歲男童，性命危在旦夕，他因為胸口被折斷的鐵欄打中，除肋骨斷裂外，連被肋骨包圍的脾臟也受創爆裂。早前台中市長胡志強妻子邵曉鈴，也因為在車禍中受創，脾臟爆裂要切除保命。  東區醫院急症室部門主管劉楚釗指出，脾臟受撞擊而爆裂，可引致嚴重內出血，傷者會休克，恐有性命危險。劉醫生說，醫生會視乎傷者脾臟的損壞情況而決定是否需要切除，最好當然能夠保留，尤其是小孩子，脾臟在免疫系統功能中擔當重要角色，若非最壞情況，都不希望切除。  脾臟位於人的左上腹，胃的背後、胃與橫膈膜之間，主要功能包括製造、貯存和過濾血液，人體所有血液必經該處。脾臟也會為人體抵抗病菌，若切除後，免疫力相對地會下降，所以很容易受到肺炎菌感染，日後要特別注意健康，有輕微疾病如傷風感冒等，也要立即求診。
20061216-23,20061216,23,新娘行頭,"新娘行頭 日間婚禮 150卡鑽石頸鏈  約$1,500萬    約20卡鑽石耳環  約$500萬    古董鑽石皇冠  約$300萬    白金結婚戒指  約$10萬    5卡求婚鑽石戒指  約$400萬 夜晚宴會 鑽石花形頭飾  約$400萬    150卡鑽石頸鏈及耳環（與日間相同）"
20061216-24,20061216,24,陳太不悔放棄選特首憂策發會普選報告一拖再拖,陳太不悔放棄選特首 憂策發會普選報告一拖再拖 【本報訊】民主派在選舉委員會選舉大勝，前任政務司司長陳方安生認為，這反映港人的民主訴求強烈，並要求特首選舉有競爭。她相信梁家傑極可能取得100名選委提名參選特首，但聲言沒有後悔放棄參選機會。陳太不點名呼籲特首曾蔭權，若不想傳媒天天只報道梁家傑的政綱，便應盡快表態參選，就市民關注的問題提出看法。　記者：莊曉陽 陳方安生昨天出席香港大學一個政治研討會，發表題為「香港政黨未來十年的角色」的演講。她形容每一位支持推動香港民主的人，都會為選委會選舉結果雀躍，這是反映港人渴望求變、要求民主，相信梁家傑很可能會取得100票提名，讓特首選舉出現競爭。她批評法例不容許有政黨背景人士出任特首，不單削弱政黨對行政機關的影響，更會阻礙政黨培養政治人才。 核心小組會研究兩院制 至於她在九月初成立研究政制發展的核心小組，陳太在會後透露，小組目前正檢視學者、政黨、政府及各界提出的普選方案，以及邀請專家及學術界參與討論，也會研究思匯政策研究所行政總監陸恭蕙提出的兩院制，在歸納及研究這些方案後，小組稍後會提出具體的建議。  不過，陳太特別強調，由於兩院制涉及修改《基本法》，可能會引來一些人趁機把《基本法》對民主自由的保障收緊，故需要再深入研究。  政制事務局局長林瑞麟也有出席研討會，並再次推銷政府加設副局長的建議。陳方安生即席向林瑞麟發炮，批評政府不斷強調外國也有類似制度，但就隻字不提外國政府由普選產生、部長本身也是來自國會民選議員。陳太質疑，若政府真的落實類似制度，會否偏向委任某些親政府政黨的成員。  陳太又擔心，策略發展委員會正拖延發表有關普選的總結報告，「我都好想問佢（林瑞麟），策發會嘅報告唔知拖到幾時，原本話07年初，𠵱家似乎又延遲至3月尾」，恐怕可能要等新一屆特首產生、甚至是明年7月後才有報告。  林瑞麟則回應指，普選和落實擴大政治任命誰先誰後，是雞先還是蛋先的問題，落實擴大政治任命是為普選鋪路，讓普選產生的特首可以委任自己的班底，政府將委任有才能、能與立法會及傳媒溝通、符合公眾期望的人士出任官員。
20061216-25,20061216,25,機迷請假搶PS3限量800部三小時內售罄,"機迷請假搶PS3 限量800部三小時內售罄 【本報訊】一連四天的「2006亞洲遊戲展及高清數碼秀」昨日揭幕，首日吸引逾7萬人入場，銷售額超過1,000萬元引起全城機迷熱潮的PlayStation3（PS3）一枝獨秀，限量800部在開幕後3小時內售清，參展商透露今日將再有約800部PS3應市。有小學生則告病假前來買遊戲。 行貨價回落至5,000元 PS3成為今次遊戲展的焦點，參展商在開幕前派出逾300張籌，排隊購買的不乏內地及海外機迷。排頭位的PS3買家是來自廣州的黎先生，他說，由於內地還未有PS3出售，加上「行貨」較為安全，因此特意來港購買。他計劃會在遊戲展花費8,000元左右。  PS3供應陸續有來，炒賣之風隨之降溫。灣仔188商場專售遊戲機的店員蘇先生指，PS3行貨價已由兩星期前的7,000多元回落至昨日的5,000元一部，與最高峯的9,500元一部不可同日而語。  昨日入場的機迷以年輕人為主，但一間專售OnlineGame的櫃位中午吸引了幾名身穿校服的小學生排隊購買，其中一名男童有母親陪同，說因身體不適，向校方告假後才到來。  不少參展商都以試玩方式向機迷介紹新產品，其中以投影互動影像為主PlayMotion的水母及滑翔機遊戲最為吸引。負責人尹小姐表示，海洋公園的水母萬花筒軟件也由其公司負責，產品可用在博物館及賭場內以製作出不同的效果。"
20061216-26,20061216,26,60周年前送巨額保單工聯會派錢招徠會員,"60周年前送巨額保單 工聯會派錢招徠會員 【本報訊】為迎接08年成立60周年，擁有近30萬會員的香港工聯會決定「派錢」催谷會員人數，明年起向每名會員贈送一份賠償額最高可達20萬元的平安保險，工聯會旗下屬會現時每年會費最平僅60多元，理事長黃國健表示，推出這份大禮後，會員人數可望進一步增加。  這個平安保險計劃將於明年推出，暫定為期兩年，凡屬工聯會屬會的會員，於交費有效期內即可享受工聯會送出的20萬元人身意外保險及意外住院現金津貼保障，受保範圍包括全球各地，受保人若意外死亡及永久傷殘，最高賠償額20萬元；意外住院現金津貼每日200元，每年最高2,000元。 稱與區議會選舉無關 計劃由中銀集團保險有限公司承保，黃國健昨以商業秘密為由拒絕透露承保金額。他承認在工聯會成立60周年前夕送大禮，其中一個目的是催谷會員人數，但強調此舉與明年底區議會選舉無關。  現時工聯會有近30萬名會員，副理事長蔡鎮華稱，旗下屬會每年會費由60多元至100多元不等，計劃對建築工人尤其吸引，「計劃包埋工傷，即使喺澳門做嘢出現意外都有得賠。」他又估計，未來一兩年澳門工程可再吸納多2萬香港工人，因此工會明年1月1日起設立一條支援在澳工作港人的熱線，電話：（853）28481910。  職工盟秘書長李卓人表示，工聯會財雄勢大，在吸納會員方面職工盟「冇得同佢鬥」，但「我哋希望吸納到啲有工會意識嘅人入會，唔係只係想攞着數。」  此外，黃國健表示，對於民主派在選委會取得134票認為是意料中事，他稱梁家傑今次穩奪特首選舉入場券全賴公關宣傳戰術成功，並非憑實力，又直指梁最初扮悲情，令外界以為他未能取得足夠票數。"
20061216-27,20061216,27,調查：公民黨有可能執政,調查：公民黨有可能執政 【本報訊】政黨執政遙遙無期，但根據浸會大學香港過渡期研究計劃的調查顯示，有14%受訪者認為成立未夠一年的公民黨，最有可能成為執政黨；認為民主黨、民建聯、自由黨可以做執政黨的人，反而不足一成。負責調查的浸大政治及國際關係學系教授戴高禮對結果感到驚訝，不過由於政黨對特首及政府政策缺乏影響力，香港政黨在短期內難以壯大。  戴高禮昨日出席港大一個有關香港政黨發展的論壇，就香港政黨未來發展路向演講。他指香港政黨對政府的影響力不大，黨員數目少，雖然透過多次選舉已建立一定政治力量，但始終無法和政府分庭抗禮。 壓倒民建聯民主黨 戴高禮又發表一個在今年11月進行的民意調查，結果顯示在各大政黨及政治團體中，有14%被訪者認為，新成立的公民黨最有可能成為執政黨，支持率遠高於以9%排第二的民建聯、只得6%支持的民主黨，以及有5%支持的自由黨。  對於公民黨「跑贏」三大老牌政黨，戴高禮對結果感驚訝，但他指調查同時顯示，認為所有團體都沒有執政可能的佔兩成九，表示不知道的高達三成三，反映主流意見仍未認同政黨執政。 香港哪個政黨組織最有可能執政 公民黨　14%  民建聯　9%  民主黨　6%  自由黨　5%  工聯會　1%  前綫　　1%  民協　　1%  職工盟　0%  不知道　33%    受訪者人數：704  資料來源：香港過渡期研究計劃
20061216-28,20061216,28,特首施政差　陳日君痛心斥港府扼殺普選　扶貧不力,特首施政差　陳日君痛心 斥港府扼殺普選　扶貧不力 【本報訊】曾蔭權上任特首後打出「強政勵治」施政口號，不過天主教香港教區主教陳日君樞機昨日回顧曾蔭權過去一年政績，批評特區政府施政毫無進步，特別是扶貧及推動普選兩方面一事無成，令陳樞機感到「痛心」。他認為曾蔭權成功連任後，應利用其管治空間，更積極解決社會面對的重要問題。　記者：莫劍弦 港大民意研究計劃前日公布民調顯示，市民對特區政府信任度「插水」下跌，天主教香港教區主教陳日君樞機接受有線電視訪問，談及曾蔭權過去一年政績時，直指香港社會狀況毫無好轉，政府施政沒有進步，令他十分不滿，「可能因為經濟情況好轉咗啲啦，大家都睇得開啲啦，其實我好睇唔開，睇唔開係因為我覺得呢個進步，唔係真係進步。」 「喺策發會度空講」 陳日君樞機認為，社會要有真正進步，政府一定要解決當前迫切面對的社會問題，可是曾蔭權政府在過去一年，根本沒有做過任何事。樞機舉了普選及扶貧兩個例子，批評特首透過策發會討論普選，只是扼殺普選的手段，「好似政制改革，佢哋（政府）個方案被否決後，佢乜都唔做啦，喺策發會度，空講嘢啫，都唔係討論點樣推進普選，幾乎係討論點樣唔使普選咁樣。」  至於扶貧問題，陳樞機批評特區政府甚麼也沒有做，令他十分痛心，「扶貧呀，都真係唔知（政府）做到乜嘢，都做唔到嘢，好痛心囉！」陳樞機認為，曾蔭權是香港領導，應多用他的管治空間為香港做一些事。至於明年特首選舉，曾有可能成功連任，陳樞機希望他可以更積極利用管治空間，為香港社會做事。  策發會管治及政治發展委員會成員李卓人認為，陳樞機的言論可謂一針見血，「策發會根本唔係想講落實普選，係講用乜方法搞假普選，民主派一直喺入面頂住。」 議員：應還富於民 身為扶貧委員會成員的立法會議員李鳳英認同，政府的扶貧工作做得不足，更加沒有着力改善貧富懸殊問題，她力勸政府日後應做得更好，「政府𠵱家有錢，就應該還富於民，幫吓啲弱勢社群。」  中聯辦副主任李剛昨出席一個活動後，為市民對特區政府信心大跌辯護，指民調結果有升有跌屬於正常情況，中央會繼續支持行政長官曾蔭權及特區政府依法施政。
20061216-29,20061216,29,程翔正式申請保外就醫,"程翔正式申請保外就醫 【本報訊】雖然北京法院駁回新加坡《海峽時報》中國首席特派員程翔間諜罪上訴，可是各界要求釋放程翔呼聲未有減弱。香港記者協會昨日發起全球簽名行動，要求北京政府准許程翔保外就醫，現時已收到1,800多個簽名，並計劃於本周五程翔生日當天，將簽名交給特區政府。 記協發起環球簽名 無綫電視昨晚則引述北京消息，指北京看守所已收到程翔保外就醫申請，程翔太太劉敏儀將去信特首，要求他月底上京述職時，代她將申訴書轉交國家主席胡錦濤。  記協昨日下午在銅鑼灣發起環球簽名運動，促請中央政府以人道立場，准許因間諜罪被判監的程翔保外就醫，盡快回港與家人團聚，程翔妻子劉敏儀也有到場（圖），呼籲市民簽名支持。記協表示，現時已收到1,800多名新聞從業員及市民的簽名，暫定於本周五程翔生日當天，將所有簽名遞交特區政府，要求港府向中央反映港人意願，並提供協助。  程翔今年8月遭北京法院裁定間諜罪名成立，判監五年，其家人隨即提出上訴，上月底遭法院駁回，維持原判。"
20061216-30,20061216,30,財爺拒一刀切減薪俸稅,財爺拒一刀切減薪俸稅 【本報訊】財政司司長唐英年昨稱，政府雖提早滅赤，但不能一刀切全面降低薪俸稅，令稅基更狹窄，加上當局擱置商品及服務稅，需要保留更多儲備以積穀防飢。中產團體批評政府的財政預算太保守，有如守財奴。 中產人士斥為守財奴 唐英年昨在商業電台節目《政經星期六》表示，政黨及民間團體都要求減稅，將薪俸稅回復到02至03年度未加稅前的水平，但這是一個過份簡單口號。薪俸稅涉及免稅額、稅率、稅階及標準稅率，若提高個人免稅額，有很多人會跌出稅網，令稅基更加狹窄，而且最低稅率只是2%，年薪13萬元的納稅人只須繳付600元稅款，這批人理應盡一點公民責任，減稅問題要考慮公平原則。  唐英年表示，如無意外今個財政年度的收入可達標，但香港屬開放性經濟體系，易受外來衝擊，儲備需要穩固，加上當局已暫停推介商品及服務稅，更加要積穀防飢。  他表示，在制訂來年財政預算案時，由於特區政府快將換屆，所以會為下屆政府預留空間，不宜作出巨大政策的變化，以免收窄下屆政府的發揮空間。中產之聲主席李子榮批評，政府的財政預算太保守，有如守財奴；庫房水浸，市民都期望減稅，尤其是中、高收入人士，稅務負擔極沉重。他又認為，明年是行政長官競選年，基於政治考慮，下年度財政預算一定會派禮物，唐英年現故意拒絕就減稅表態，可能只是想收給市民「驚喜」的效果。
20061216-31,20061216,31,學券制終獲立會通過撥款李國章:送給家長最好的聖誕禮物,"學券制終獲立會通過撥款 李國章:送給家長最好的聖誕禮物 【本報訊】差點「胎死局中」的幼稚園學券制擾攘個多月後，昨日終獲立法會財務委員會通過撥款20億元，在明年新學年起推行，教育統籌局局長李國章形容是送給家長最好的聖誕禮物。學券制風波稍平之際，天主教香港教區主教陳日君樞機昨表明會向終審法院就《校本條例》作最終上訴，面對李國章呼籲他以和為貴，陳日君怒稱「唔想再聽李局長有乜嘢講」。  李國章早前以立法會和幼稚園學界未有共識為由，拒將學券制交立法會財委會表決，多位發言的議員昨在會議上不再大力提出異議，反而集中火力批評李國章的態度不妥當。  其中街工議員梁耀忠指李國章只會以「行政霸道」手法處事，絕非局長應有處事態度「焗住叫人哋（幼稚園團體）支持你哋，否則就拉倒，一拍兩散。」一向惹火的李國章立即還擊：「好明白政府每做一件好事，議員梗係會唔高興」，又慨歎：「政府做白又錯，做黑又錯，做咩都係錯。」 議員指李國章含血噴人 職工盟議員李卓人反駁李國章「含血噴人、無限上綱」，認為此說對議員是極大侮辱。李國章回應時以強硬態度指李卓人「屈」他，不點名指有人喜歡說風涼話。  雙方雖然連場罵戰，但學券制還是獲得通過。明年起在學費合資格的非牟利和私立獨立（又稱牟利）幼稚園就讀學生，可獲得13,000元學券，並逐步增至16,000元。後年起才入讀牟利幼稚園的學生，將不獲學券。  另外，天主教香港教區主教陳日君樞機昨主持喇沙書院周年感恩崇拜後表示，看過高等法院裁定《校本條例》無違反《基本法》的判詞後，律師認為有足夠理據上訴，所以教區將直接向終審法院上訴，而不是向上訴庭提出，「無論邊個贏邊個輸，多數會再上訴，所以到終審庭好啲。」 「唔想再聽李局長講嘢」 陳日君表示，律師意見認為「一定有把握（勝訴）。」所以即使李國章呼籲他在聖誕佳節應以和為貴，他也不為所動，昨日有記者引述李國章的勸言時，陳日君帶點怒火重複說：「唔想再聽李局長有乜嘢講，好唔好？」"
20061216-32,20061216,32,魚商80輛貨車慢駛抗議粵淡水魚今復供港,魚商80輛貨車慢駛抗議 粵淡水魚今復供港 【本報訊】擾攘逾半個月的內地停止供港淡水魚問題終獲解決，衞生福利及食物局接獲廣東省當局通知，內地昨日已恢復淡水魚供港，預計今日將運抵本港在市面出售。本港淡水魚業界表示，來貨主要是大魚和鯇魚，估計數量是正常的四分一至三分一，大魚和鯇魚批發價將由停魚期間每斤14至15元，降至12至13元。 擬立法建進口註冊制 衞福局發言人表示，廣東出入境檢驗檢疫局與廣東業界協商後，廣東業界同意由昨起恢復淡水魚供港，當地已完成大量檢測工作，確保符合安全標準。發言人稱，兩地政府日前在廣州市舉行會議，就供港水產事宜交換意見，及澄清內地業界疑問。本港會繼續打擊從非正規渠道來港魚類，及立法要求進口商引入註冊制。  港九新界海外漁業批發商會理事長許漢文稱，內地淡水魚較預期早兩日供港，需緊急找工人開工，相信今日抵港的大魚及鯇魚較正常少。  零售及批發商昨早發起貨車慢駛，約80輛掛上「手停口停」等橫額貨車，由長沙灣批發市場駛至中環添馬艦。部份批發工人指十多日無生意，有同行遭減薪達一半，有人更無工開，全無收入。  有灣仔街市魚販表示，未發生今次孔雀石綠事件前每日購入300斤淡水魚，出事後購入100斤亦「賣唔晒」，鯇魚零售價升至每斤20至26元，較平日貴6元；因市民或未恢復食淡水魚信心，今日不會大量入貨。市民李太表示，相信兩地政府加強檢驗後，淡水魚沒問題，今日會買鯇魚吃，但伍小姐表示，仍擔心淡水魚含孔雀石綠，今日未必會買淡水魚吃。
20061216-33,20061216,33,GreenApple油站更換新油槍減廢氣,"GreenApple 油站更換新油槍減廢氣 行政長官曾蔭權提出的「藍天行動」重點項目之一是減少油站釋放的污染氣體，全港約200個油站正陸續更換可回收污染物質的新加油槍，不過，市面部份汽車近日到油站入油時才發現無法使用新油槍入油，受影響的主要是水貨車，包括舊款的豐田Chaser，以及凌志RX300，這些車主將要為環保付出代價，花費1,000至10,000元改裝油缸。 小量汽車無法用新槍 市民經過油站時往往嗅到一股電油味，其實這是汽車入油時漏出來的揮發性有機化合物，其中包括致癌物質「苯」。環境保護署規定全港油站須在08年3月前改裝油站的油槍，回收入油時釋放的揮發性有機化合物，估計每年可減少其排放量達740公噸。  埃克森美孚香港有限公司發言人表示，全港共59個埃索油站有一半已經換槍，但近日部份汽車到油站入油時，發現無法用新油槍入油，受影響的主要「水貨車」，他們已將問題通知環保署。雪佛龍香港有限公司發言人表示，全港47個加德士油站有三分一已換槍，近日發現有小量汽車無法用新槍入油，油站職員只好請司機改到未換槍的油站入油。  據了解，由於新油槍在槍嘴位置增加了隔氣及抽氣裝置，令槍嘴長度比以往短了二至三吋，無法進入部份型號汽車的油缸口。  香港右軚汽車總商會創會會長羅少雄指出，受影響的主要是油缸設計使用含鉛汽油的汽車，油缸口較大，俗稱「大嘴」，有別於使用無鉛汽油的「細嘴」，大部份是較舊款的水貨車，這類車雖已經調校可使用無鉛汽油，但油缸口設計有別於現時一般汽車，當中包括蓮花Elise、豐田Chaser、凌志RX300等，不排除其他個別舊款車都受影響，估計數量不會太多，而且只需改裝油缸便可解決問題，但市民選購二手車應留意油缸是否適合使用新油槍。  汽車維修商會主席李耀培指出，部份汽車只需改裝油缸口，費用約1000多元，但部份型號可能要整個油缸更換，費用高達1萬多元。  環保署卻堅持新油槍無問題，該署發言人表示，現時法例對車輛油缸規格有規定，新油槍對所有符合規定的車輛都不會構成影響，環保署正與油公司研究加快換槍的進度。  逢周日刊出 無法用新油槍入油的汽車型號* ‧蓮花Elise  ‧豐田Chaser  ‧凌志RX300  ‧本田CL9  *受影響的全是該型號的舊款車  資料來源:汽車業及各油公司 油站更換油槍進度 油站：埃索  數目：59  已換槍數目：約29    油站：蜆殼  數目：50  已換槍數目：21    油站：加德士  數目：47  已換槍數目：約17"
20061216-34,20061216,34,內地來貨僅7噸　測試市民信心淡水魚復供港價升20%,內地來貨僅7噸　測試市民信心 淡水魚復供港價升20% 【本報訊】內地淡水魚昨日恢復供港，經海路和陸路合共有7噸，較暫停輸港前每日平均量少約60%。來貨以鯇魚和大魚為主，批發價每斤上升10%至20%，連帶零售價也上升，有街市由以往「一份份」定價形式出售淡水魚，改為逐両計。　記者：倪清江、黃傑偉 在暫停供港近三星期後，首批來自中山的內地淡水魚昨晨由船運抵西區副食品巿場。食環署人員上船抽驗，漁護署到場監察。由於來貨少，部份買手未能成功入貨。 定價魚改為逐両計 新界養魚協進會會長黎來就表示，昨日從海路來港的淡水魚有4噸，比之前每日12噸少三分二，批發價較前上升10%至20%，每斤約貴1元，市面售價也相應提高。如鯇魚昨日每斤批發價為13至14元，每斤零售價介乎20至24元。  黎來就預計，未來兩、三日供應將恢復正常，售價將會回落。內地淡水魚入口商郭誌有表示，另有3噸鯇魚和大魚在中午時分來港，較往日的５噸少，在食環署抽驗後存放在本港魚場，昨晚分發到超級市場，今早應市。  在荃灣楊屋道街市，有魚販改變以往賣魚形式，由「一份份」定價改為按重量計算，原因是批發價上升；一名市民稱鯇魚昨標價每両一元，一份魚比以往貴20%，所以不買。寧記麻辣火鍋尖沙嘴店經理張晃表示，昨日供應商仍未能提供鯇魚；雖然鯇魚短期內會較貴，但不會加價。  香港塘魚水產有限公司總經理湛嘉傑表示，由於未知港人對內地淡水魚是否完全恢復信心，進口批發商昨日僅入口4噸內地大魚及鯇魚，為過往貨量的四成，以測試市民反應，待市民完全恢復食用內地淡水魚信心後，會重新入口鯪魚及鯉魚等家魚及其他雜魚。他希望，港府與內地當局加強溝通，確保內地淡水魚穩定供港。
20061216-35,20061216,35,喇沙書院拒轉直資,喇沙書院拒轉直資 【本報訊】近年多所傳統英文中學紛紛轉為學費數萬元的直資中學，資助模式類同津貼學校的補助學校喇沙書院，表明未有計劃轉為直資，將來轉制成數也低；該校校監指轉制只會趕走貧窮學生，即使提供獎學金，也不是解決方法。該校會向家長和校友尋求捐款，以增聘教師和推行小班教學來提升教學質素。 教育對象不論貧富 今年創校75周年的喇沙書院昨日舉行校慶活動啓動禮。校監ThomasLavin修士表示，多所傳統名校轉直資後，校方留意到有關情況，但至今未有計劃轉直資，也沒有轉制急切性。他表示，該校將來會與直屬的喇沙小學結成一條龍學校，若然轉直資，現時同屬補助學校形式的喇小也須轉制，否則不能結龍。  ThomasLavin指出，喇沙教育對象不論貧富，「我們不是為富裕的人，而是為所有人，我們必須保持這原則。」他擔心一旦轉為直資，高昂學費會令到只有富裕人士才會入讀該校，「提供獎學金並不是解決辦法。」
20061216-36,20061216,36,茶客打尖霸位惹毆鬥,茶客打尖霸位惹毆鬥 【本報訊】一名59歲茶客昨晨10時許偕同家人到沙田一間酒樓歎茶，未有照規定到正門排隊輪候，擅自入內搶先「霸位」，還惡言相向，迫令酒樓職員屈服。當他飽餐後，竟舊事重提及投訴職員，引來鄰枱茶客不滿，雙方大打出手，結果勞動警員到場，將報稱不適的茶客送院檢驗；另一名涉案茶客，則早已乘亂離去。 鄰枱男客不值所為 報稱遇襲的男子姓蔡（59歲），他事後又否認被打，表示不欲追究。現場消息稱，昨晨10時許，蔡姓男子聯同兩名家人，到沙田中心一間酒樓飲茶。其間疑有人並無按照酒樓規定到正門排隊輪候入座，卻擅自從後門入內「霸位」，被職員揭發驅趕時，一度發生爭執。不過，職員為免影響其他茶客，最後啞忍讓對方繼續留下來光顧，以為可平息風波。  不過，該名茶客與家人大快朵頤結賬後，竟投訴之前飽受職員不禮對待，在場大吵大嚷。鄰枱一名男茶客不值其行為，代為出言指摘，卻引發衝突，互相推撞扭打，驚動職員報警。警員到場時，挺身代出頭的茶客早已逃去無蹤，惹事茶客則報稱被打受傷，需送院檢驗。
20061216-37,20061216,37,蔬果潔劑無用兼嘥錢,蔬果潔劑無用兼嘥錢 【本報訊】食物安全中心指出，未有證據證實市面出售的蔬果清潔劑比清水更能有效去除不同蔬果表面的殘留農藥和微生物，消費者委員會建議一般家庭毋須使用蔬果專用清潔產品，而且清潔劑的成份未必適宜食用，使用不當可能弄巧反拙。 化學物或滲入食物 消委會最近在市面蒐集了八款蔬果專用清潔產品，包括清潔液和清潔粉，發現大部份產品均聲稱成份取自天然或可食用植物，易令消費者誤以為即使進食了留有殘餘清潔劑的食物也沒有問題。雖然有產品聲稱「水中完全溶解」或「無殘留」，但蔬果表面有細孔，清潔劑的化學物質可能滲入其中，適得其反。  此外，部份樣本只有簡單的英文使用說明，有些沒有說明使用濃度和浸洗時間，部份產品的包裝與其他常見的家用清潔劑十分相似，容易混淆。消委會建議市民，將蔬果浸泡在清水約一小時，再用流動清水清洗數次，將蔬果表面的細菌、重金屬及天然毒素洗淨。
20061216-38,20061216,38,大廈遭鎖𨋢疑迫遷,大廈遭鎖𨋢疑迫遷 【本報訊】灣仔皇后大道東一幢高齡大廈「鉅芝大廈」，昨晨大廈唯一的一部電梯突然被人鎖𨋢，大批年邁租客懷疑有人以不法手段迫遷，一度向區議員求助，警員亦接報到臨了解，至傍晚管理公司派員重新開𨋢，風波才暫且平息。 區議會主席到場 現場為皇后大道東242號鉅芝大廈，有數十年樓齡，樓高11層，一梯四伙，部份再間隔成板間房，大廈近300名租客大部份是老人家，今年10月中，舊大廈業主將樓宇賣給新業主，之後租客接獲通知，無簽約住客要在上月底遷出，有租約者維持至租約完成，不再續約。據知，有部份租客要至明年10月才夠期。  昨晨11時許，突然有人到來將大廈唯一的一部電梯鎖𨋢，住客查詢被知會需要維修，由於上址住滿老年租客，上落極不方便，事後打聽才知電梯沒有故障，懷疑是有人藉鎖𨋢來驅趕住客搬離，遂向聖雅各福群會和灣仔區議會主席黃英琦、區議員金佩瑋求助，住客在大廈門外拉橫額抗議不法手段迫遷。警員一度接訊到臨協助，至傍晚6時，一名自稱是管理公司派來職員開𨋢，風波才暫時平息。租客稍後將約新業主出來商討提早搬走的賠償。
20061216-39,20061216,39,被捕13人保釋　昨續到現場靜坐天星示威者責警攝錄惹衝突,被捕13人保釋　昨續到現場靜坐 天星示威者責警攝錄惹衝突 【本報訊】連日來在中環舊天星碼頭進行示威的數十名請願人士，昨凌晨終於與警方爆發激烈衝突，當大批警員包圍地盤採取清場行動時，示威者兩度與警員激烈推撞，混亂中，警方拘捕13名男女。事後，20多名聲援人士坐在馬路中央阻止警車離開，並在警署門外靜坐。直至昨晚，部份獲准保釋的示威人士重返天星碼頭，繼續靜坐抗議，暫未再有不愉快事件發生。　記者：伍浦鋒　黃傑偉　周志鴻 環境運輸及工務局常任秘書長麥齊光昨重申，清拆碼頭時會破壞鐘樓建築，故原址保留鐘樓不切實際。  在清場行動中被捕的示威人士包括8男5女（年齡20至41歲），各人涉嫌阻差辦公、公眾地方行為不檢等罪名被捕，暫准以300元保釋外出，下月12日返警署報到。警方發言人指今次行動採用最低武力，手法專業及克制。 雙方衝突致多人受傷 由前晚7時開始，舊天星碼頭地盤陸續有反清拆人士加入示威，至昨凌晨時分，現場已聚了約100名示威者及前往聲援的市民，有人並攀上棚架。警方不斷增派人手到場，約50名警員除將地盤內的示威者包圍外，更阻止其他到場聲援的市民進入地盤。其間，郭家麒、勞永樂、黃毓民、梁國雄及曾健成等人亦到場聲援。  至凌晨2時許，有數名示威者先後要求去廁所，但各人均拒絕向警方出示身份證登記。稍後，有人在同伴用布遮擋下即場小解。其間，示威者因不滿警員用攝錄機進行錄影而情緒激動，雙方爆發激烈推撞，數名男女警員受傷，推撞持續了10分鐘才停止。  稍後，大批警員到場部署清場行動，有前往聲援的市民手持喇叭向示威者大叫：「啲立法會議員幫唔到你哋（示威者）㗎，你哋小心啲呀！」 警採取武力抬走20人 至凌晨2時30分，警方在勸喻無效後派出數十名警員逐一將示威者抬上警車，雙方再度發生衝突，其間分別有示威者及警員跌倒在地上。經過一場歷時20分鐘的混戰，警方共拘捕13名男女，並準備用警車將他們載走。  約20名聲援人士，稍後在愛丁堡廣場的干諾道中出口處，手拉手一字橫排坐在馬路中央，阻止警車離開，有人更企圖爬入警車車底，警方再度進行「抬人」行動，15分鐘後將20人逐一抬離馬路。整個清場行動至凌晨3時結束。  事後，有30名示威人士前往北角警署，要求警方釋放被捕男女，並在警署高呼口號要求政府停止清拆天星碼頭。  香港建築師學會對警方以武力對付示威者表示遺憾；香港建造商會表示全力支持政府繼續進行中環填海工程。至於昨凌晨在現場聲援示威者的立法會議員郭家麒則認為警方反應過敏，要為衝突負上責任。  昨深夜大約20名示威人士繼續在天星碼頭靜坐，數十名警員在旁監視。
20061216-40,20061216,40,示威者靠互聯網動員,示威者靠互聯網動員 【本報訊】連日來的保衞舊天星碼頭集會不斷湧現新面孔，前晚起更多了一批受舊區重建影響的老街坊、文化人、大學生參與。他們對保衞舊建築物、挑戰現行城規諮詢制度的「手法」，將令政府未來清拆皇后碼頭、重建灣仔利東街時帶來嚴峻考驗。有政界人士指，最近出現不少透過互聯網動員的遊行，參加者都缺乏社運經驗，情緒較易激動，警方宜調整對待示威者的策略。 拆皇后碼頭再抗爭 除了《大嶼報》創辦人何來、獨立媒體的陳景輝、朱凱廸等人外，據現場所見，捍衞基層住屋權益聯盟成員張文慧、街坊工友服務處職員，及部份灣仔利東街、居於葵青、牛頭角等舊區老居民都有參與天星抗爭。此外，有個別大學的文化學者、浸大地理系的學生參與集會。陳景輝昨表示，在月底清拆皇后碼頭時必會再有行動，吸收了今次的經驗，日後灣仔利東街只要「一開始封圍板」，他們就會馬上作出回應。  經歷警方清場的社會民主連線副主席勞永樂表示，昨日的參加者多是沒社運經驗的市民，「佢哋領導鬆散，較易激動，例如俾警察抬走會激烈掙扎，咁會容易受傷」。他指最近不少遊行如爭取孕婦權益、保護動物等，都是透過互聯網發起，警方宜按照民間運動的新形勢，調整對待示威者的策略。
20061216-41,20061216,41,縱火燒簾一日兩宗,縱火燒簾一日兩宗 【本報訊】黃大仙彩雲邨及葵涌邨昨日先後發生縱火燒布簾案。其中彩雲邨一個單位遭歹徒放火燒門簾，年邁的男女戶主正在午睡渾然不知，幸兒子及時發現，縱然手背被燒傷，仍忍痛奮力撲火保護家園，稍後送院治理。警方正調查縱火歹徒的動機。  被縱火燒門簾的單位是彩雲邨日月樓9樓一個單位，男戶主姓李，與妻子、長子夫婦及幼子同住，其中幼子「阿興」（40歲）在內地做塑膠工人，周末才回家度宿。  昨午2時許，「阿興」由內地回港度周末，當時兄嫂不在家，父母正在午睡。其間他發現門外有火光，開門查看見布簾已經着火，大風更將火種吹向他，致左手被燒傷，他忍痛大叫喚醒父母，又走入廁所取水將火撲滅。幸發現及時，事件中只是燒爛門簾。  「阿興」事後稱沒有欠債，不知歹徒動機。警方正聯絡其兄嫂進一步了解各人背景，追查歹徒縱火動機。 葵涌租管處毀窗簾 另外，葵涌邨夏葵樓地下的上葵涌區租約事務管理處亦遭歹徒縱火燒窗簾。凌晨零時，姓陳（47歲）的屋邨保安員接獲居民通知，指有人從窗縫擲入火種燒辦事處，他趕至查看見窗簾起火，立即用水桶盛水撲救將火救熄，然後報警。辦事處窗簾及地毯燒毀、牆壁熏黑，消防員調查後認為起火原因有可疑，交警方跟進。火警中保安員玻璃割損手，敷治後毋須送院。
20061216-42,20061216,42,疑違守行為令毆妻　另涉打18月大女兒高盛要員保釋不准回家,"疑違守行為令毆妻　另涉打18月大女兒 高盛要員保釋不准回家 【本報訊】著名投資銀行高盛集團旗下一名月入20萬元的投資公司董事，通宵達旦才返回淺水灣寓所，他被指與妻子爭執後，將妻子毆傷，昨日解往九龍城裁判法院提訊。控方指該董事有毆打妻子判守行為前科，又涉嫌毆打年僅18個月大的女兒；董事反指妻子懷疑他有婚外情，曾用刀刺傷自己企圖自殺，裁判官最後批准董事以5萬元保釋，但不准他返家與妻女接觸。　記者：戴國輝 被告劉浩正（37歲），報稱投資公司董事，家住淺水灣道一個價值2,000萬元豪宅，控罪指他於寓所內襲擊39歲妻子，對她造成身體傷害。被告為高盛結構產品（亞洲）有限公司董事，該公司專發行結構性投資工具，被譽為全球投資銀行一哥的高盛集團，剛公布驕人業績，全年盈利高達約742億港元。 被告月入20萬 被告暫時毋須對控罪答辯，控方庭上表示，被告今年因襲擊妻子獲判簽保守行為，他因干犯本案而違反守行為令。警方調查後發現被告涉嫌將不斷哭泣的18個月大女兒毆打，故須作進一步調查，以及等候警方與社會福利署跨部門會議結果。  代表律師為被告申請保釋時指出，被告月入20萬元，事主是被告第二任妻子，來港不足一年，被告前妻從沒有投訴遭被告虐打。 暫住友人居所 事主懷疑被告涉婚外情而曾企圖自殺，用刀刺傷自己，她於今年8月送院治理，發現精神出現問題。辯方認為事主的證供不可靠。  裁判官最後批准被告以現金5萬元保釋外出，其間不得直接或間接與妻子及女兒接觸，他不准返回淺水灣道寓所，需入住朋友位於舊山頂道的居所。案件押後至明年1月15日，於東區裁判法院再提訊。  案件編號：KCCC7548/06"
20061216-43,20061216,43,特稿平安夜保天星警防出亂,特稿 平安夜保天星警防出亂 接連幾天都有示威者以激烈行動阻止政府拆卸舊天星碼頭，引起社會關注，令保衞天星碼頭群情愈見洶湧，陸續有團體及組織加入捍衞舊天星碼頭的陣營，更擬在明天（17日）及平安夜（24日）舉行集會及燭光集會，鼓動市民參與。據知，政府正密切監視兩日活動的事態發展，警方更會在平安夜當天進行嚴密部署，慎防請願人士煽動路過的群眾加入，嚴防失控危機。 泛民設保文物監察組 阻止政府清拆天星碼頭的示威人士及部份泛民主派立法會議員，初步擬定一系列抗爭活動，包括先在明天下午於天星舊址舉行論壇及集會，吸引市民留意。  據了解，政府非常擔心愈來愈多人反對清拆天星碼頭。接近政府消息人士稱，當局會密切注意市民反應，尤其會視乎明天集會的參與人數，決定如何部署平安夜燭光集會的安排，因為平安夜當晚會有大批市民湧到中環觀看燈飾，一旦市民受煽動參與，便有失控危機，故此警方屆時會作嚴密的人流控制。  立法會25名泛民主派議員近日突然加入聲援行列，決定成立一個文物保育監察小組，鎖定保護舊天星碼頭為頭炮行動，安排平安夜當晚在天星舊址舉行名為「沒有天星鐘樓的聖誕」的燭光集會，希望用民意迫使政府叫停清拆行動。  本報記者
20061216-44,20061216,44,政府摸黑拆卸　拒公布殘骸去向天星鐘樓不見了,政府摸黑拆卸　拒公布殘骸去向 天星鐘樓不見了 【本報訊】鐘樓不見了。屹立49年，為港人留下無數集體回憶的中環舊天星碼頭鐘樓，前晚開始被悄悄解體，直至昨晨8時45分，工人成功將鐘樓攔腰割開，送上躉船運走。這一刻，連日來保衞鐘樓的示威者無計可施，默默地繼續以為期49小時的絕食去紀念「享年」49歲的鐘樓。政府閃電「支解」鐘樓後，拒絕透露「殘骸」去向。　記者：雷子樂、黃偉駿、吳國威 接近政府消息人士透露，政府內部前日經討論後，認為應在今日前盡快清拆鐘樓，以免事件再拖下去，產生雪球效應，令有關工程舉步維艱。政府內部評估，認為示威者行動過於激烈，加上主流民意並不支持，及早拆去鐘樓有助令事件降溫。  摸黑拆鐘樓事件，由昨凌晨1時開始。工人進入地盤施工，發出尖銳的機器切割聲，令守候在地盤外圍的示威者難以入睡，有示威者以腳踢或拍打地盤圍板。立法會議員「長毛」梁國雄趕到場聲援，企圖衝入地盤被警員制止、示威人士質疑工人通宵開工違反法例，企圖利用各樣方法阻止清拆工程進行，惟大局已定，一切變得徒勞無功。 示威者絕食49小時哀悼 這時候，8男1女示威者頭纏紅頭巾，決定展開為期49小時的絕食抗議行動至明日凌晨2時，以身體抗議有49年歷史的中環天星碼頭被清拆。絕食宣言指摘政府不聽民間聲音：「我們不知道還能跟政府說甚麼道理；我們只能再次以人民最樸素的武器——身體，抵抗推土機背後這隻黑手。」  昨晨8時45分，工人正式展開清拆鐘樓工程，利用鋼纜將已被切割開的鐘樓上層首先吊起，安放在碼頭旁躉船內，至上午10時45分再將鐘樓下半部吊落躉船。轉瞬間鐘樓消失了，市民只能從腦海中搜索對鐘樓的回憶。目送着鐘樓被吊走的絕食人士，未有太大反應。部份人在作文字紀錄，部份人在攝錄。  絕食人士在地盤外發起簽名運動，要求途經市民「反對清拆天星碼頭、支持市民參與規劃」，不少市民簽名支持。下午時分，絕食人數增至16人，他們主要是香港大學、中文大學、城市大學及嶺南大學的學生。中大學生會會長施成威昨午也加入，他指中大學生會將呼籲同學關注保衞鐘樓運動，港大學生會外務副主席林雪瑩表示支持示威者，學生會將會加入有關的抗爭行動。  絕食者朱凱廸稱，社會上要求保留鐘樓與碼頭的聲音非常強烈，偏偏只有政府聽不到民意，又不按正常程序批出噪音許可證，讓地盤漏夜趕工。不少市民看過傳媒報道後，送上蒸餾水、毛氈及葡萄糖粉給絕食人士。 市民帶食物支持示威者 83歲蘇婆婆帶同麵包蛋糕到場支持，但因示威人士堅持絕食抗議故婉拒，婆婆說：「我啲仔同啲孫經常乘搭天星小輛過海，鐘樓報時鐘聲陪住佢哋長大，真係唔應該拆㗎！」10多名來自何文田青年中心的小學生，昨日也跟導師來上了一課「文物保護」，對於鐘樓被強行拆掉各有己見：「好難過」、「好失望」、「應該留番啦，點解拆咗佢？」  鐘樓被閃電拆除，殘骸卻不知所終。土木工程拓展署發言人只說：「鐘樓拆咗，鐘樓石屎殘骸已經運走咗。」本報再作查詢，該署也沒有交代鐘樓殘骸的去向。據悉，部份殘骸會運往堆填區。環境保護署發言人表示，該署已根據噪音管制條例審批出有關建築噪音許可證申請。
20061216-45,20061216,45,童話婚禮使費,"童話婚禮使費 新娘5卡結婚鑽戒及  其他首飾　約$3,000萬    婚宴租場及布置費　約$2,000萬    約150名賓客機票連  套房住宿*　約$1,080萬    蜜月旅行　約$1,000萬    名設計師鄭兆良設計的  婚紗、晚裝　$180萬    名化妝師GaryChung  負責化妝　$30萬    迎賓晚宴時新娘穿着的  金色Escada晚裝　$15萬    新翁派利是予  恒地1,050員工，每封萬元　$1,050萬    盛傳聘禮為富匯豪庭  兩相連單位約　$1億    合共約　$1.8355億    註：*男家以價值3.7億元私人飛機GulfstreamG550接載部份賓客  資料來源：《蘋果》資料室"
20061216-46,20061216,46,新聞資訊研究組高盛狂派花紅夠矚目,新聞資訊研究組 高盛狂派花紅夠矚目 被告任職的高盛結構產品（亞洲）有限公司，是高盛集團（GoldmanSachs）旗下的公司，主要發行窩輪等結構產品。成立於1869年的高盛，是全球歷史最悠久及規模最大的投資銀行之一，多次被美國《財富》雜誌評選為美國財富500強企業。高盛總部設在紐約，並在東京、倫敦和香港設有分部，向全球提供廣泛的投資、諮詢和金融服務。  每年年尾，高盛員工收到的巨額花紅都成為傳媒焦點，外界一直戲稱高盛員工只分「有錢和有遊艇」兩類。高盛集團早前公布，過去一季盈利勁升93%，全年盈利達95.4億美元（約742億港元），連薪酬及花紅平均每人獲發62萬美元（約482萬港元），最高的更達1億美元（約7.8億港元）。至於香港員工，有消息指每人也獲發200個月的花紅。
20061216-47,20061216,47,全港最多鳳樓大廈釀血案鳳姐追債遭姊妹𠝹頸重傷,"全港最多鳳樓大廈釀血案 鳳姐追債遭姊妹𠝹頸重傷 【本報訊】「嘩，到咗放工時間，啲嫖客多到要排隊搭𨋢搵鳳姐㗎!」被街坊形容為港島區「鳳姐大廈」之冠的灣仔富士大廈，昨午發生傷人血案。一名欠債鳳姐與「姊妹」債主在鳳巢內為4萬餘元債項談判不果發生口角，她突然拔出生果刀襲擊對方，債主頸部被割兩刀，血如泉湧，負傷奔往下一層向姊妹求助報警，送院搶救，目前情況嚴重，涉嫌傷人鳳姐則呆坐鳳樓內，被警員拘捕。 負傷逃落樓求救 傷者姓楊（29歲），在駱克道381號富士大廈21樓一鳳樓營業，她持有本港身份證，而疑犯姓鄭（29歲），亦持本港身份證。據管理員形容，大廈共有22層高，一梯三伙共66戶，現僅8、9戶屬正當住客或空置公司。另有街坊指每戶再細分成三至四間鳳樓，每日進駐的鳳姐逾百人，除本地外，尚有其他國籍女子，為港島區「鳳樓大廈」之冠，街坊說每到下午5時至晚上8時，嫖客川流不息來尋歡，由於太多人，他們要排隊搭乘電梯，十分誇張。  消息稱，楊女和鄭女本是「姊妹」，在同層隔鄰房間做一樓鳳，過往感情要好。昨午1時許，楊女進入鄭女房間，雙方為一筆48,000元的債項談判，楊女要求鄭女盡快清償，雙方因而發生口角，鄭女激動下由袋中拔出一把8吋長生果刀，襲擊楊女，楊女頸項被割兩刀，血如泉湧，她負傷奪門而逃，直奔下一層向姓黃28歲相熟的姊妹求救，代為報警。  救護員到場後，楊女半昏迷送院搶救，至於逞兇姓鄭女則呆坐房間內，警員將她逮捕，撿獲生果刀，她強調因金錢糾紛動手。稍後警方封鎖大廈出入口調查，又撿走有關證物。其間有20多名鳳姐陸續返抵開工，不得其門而入，亦有嫖客見大廈發生事故，有警員在場查案，被迫離去。 現行法例難規管 灣仔區議員黃宏泰稱，就灣仔區的鳳樓攻佔大廈問題已向滅罪委員會反映嚴重性，奈何警方回覆稱現行法例下無法向本地鳳姐「放蛇」，可做的是加強巡邏，阻截一些違反逗留條件的外地鳳姐作色情活動。另一位灣仔區議員李繼雄稱，集中所有鳳樓於一大廈內未嘗不是好事，起碼可減少擾民，若真要清除本地鳳姐，必須修改本港法例，賦予警方合法拘人的權力。"
20061216-48,20061216,48,失戀醉酒狂性大發證券商11樓掟鐵椅花盆落街,失戀醉酒狂性大發 證券商11樓掟鐵椅花盆落街 【本報訊】一名法國籍男子疑與女友情海翻波，昨日在港島半山寓所內借酒澆愁，其間醉倒狂性大發，將家中一批家具從11樓擲下街上，包括鐵椅、茶几和花盆，幸而只擊毀一條行人通道的玻璃頂，未有傷人。警方事後到場調查時，仍然醉醺醺的涉案事主一度反抗，最終被警員制服拘捕及送院檢驗。  法國籍的事主King，33歲，是一名證券商人，獨居在半山干德道41號聯邦花園巴黎閣11樓一單位。據現場消息稱，事主有一名要好女友，較早前兩人因感情問題發生爭執，其後女友提出分手，他連日來心情惡劣。 擊毀車場玻璃頂 昨晨11時許，事主在家中自斟自飲，不勝酒力醉倒，其間他狂性大發，先後將多件家具隨手從11樓窗口掟落干德道，包括兩張鐵製餐椅、一張鐵腳玻璃面的茶几、一張木製安樂椅、一個花盆和大批雜物等，幸而當時路上人車疏少，未有造成傷亡。  家具墮地後，玻璃碎片四散，其中花盆打中停車場出入口行人通道的玻璃頂，一幅玻璃應聲粉碎，其他住客聞聲查看，見狀立即報警。一隊警員接報到場，首先將現場一段干德道封閉，以防繼續有物件擲下，然後登樓調查。  警員調查至11樓一個可疑單位並拍門查看，當場涉案的法國籍事主自行開門，當時他仍然醉醺醺，語無倫次，警方相信是他高空擲物，準備採取行動時遭到事主反抗，結果在多名警員合力下將他制服，並扣上手銬送院檢驗。他在送院後一直情緒無法平復，在醫院內大叫大嚷，至晚上由醫生確定他精神有毛病，用布條將他四肢綑綁送往接受精神科治理。
20061216-49,20061216,49,劉延東首評歐文龍案,劉延東首評歐文龍案 【本報訊】澳門消息：就澳門前任運輸工務司司長歐文龍涉嚴重貪污受賄事件，全國政協副主席兼中央統戰部長劉延東，日前指澳門處理今次事件「工作抓得及時」，又承認任何社會都會出現貪污，所以她「並不奇怪」。今次亦是首次有中央級官員對歐文龍事件公開回應。  劉延東認為，澳門處理歐文龍嚴重貪污受賄事件的「態度是非常鮮明」，中央政府也已批准免除他的職務，她說：「我認為（澳門）特首在這方面的工作還是好的……任何社會都會出現這樣那樣的情況，這本來就是一個現實，所以我覺得出現這樣的情況並不奇怪。」  歐文龍上周於終審法院經過預審後，裁定表面證供成立，被押送到路環的澳門監獄，等候進一步審訊。澳門廉政公署更不排除會拘捕更多人士，其中歐文龍的弟弟歐文富夫婦，亦表面證供成立，已還押監獄候審。
20061216-50,20061216,50,最闊綽老闆之一空運貨站2700員工15月糧,"最闊綽老闆之一 空運貨站2700員工15月糧 【本報訊】香港空運貨站2,700名員工聖誕前夕獲贈多份大禮，除了公司已落實明年加薪最高6%外，員工農曆新年前將獲發雙糧，到明年4月更額外得到相等於1.75至2.05個月薪金的花紅；全年沒有請假及遲到早退紀錄者，再得4,000元獎金，即員工全年可獲逾15個月糧，人人齊齊過肥年。　記者：盧文烈 香港空運貨站日前正式落實員工明年加薪幅度。空運貨站職工會主席王庚伍表示，員工明年平均加薪2.8%至2.9%，最高可達6%，只有極少數表現較差員工遭凍薪，工會接受公司提出的方案。花紅獎賞方面，除慣常第13個月糧外，公司承諾明年４月發放1.75至2.05個月薪金的花紅，即明年初每名員工可額外獲得3個月薪金獎賞；全年沒請假及遲到早退的員工，更可額外得4,000元獎金，全年請假少於4日，也有2,000至3,700元獎金，堪稱已宣布加薪發花紅的企業中，最闊綽的其中一間。 屯門醫院外判工削薪 王庚伍又透露，公司已向工會承諾，合約員工連續續約兩次後，第三份合約開始（即加入公司第五年）可轉為長工。王庚伍表示，現時公司有三分之一員工是合約制，估計有百多名員工在短期內受惠獲轉長工，工會歡迎有關新安排。空運貨站發言人表示，由於業務理想，決定加薪發花紅，以表揚員工貢獻。  但有人歡喜有人愁，近100名屯門醫院外判清潔工最近向工聯會投訴，被外判商強迫重新簽約，將現時月薪5,200元減至5,042元，估計同一外判商轄下在博愛及青山醫院工作的共200員工，稍後會面臨同樣命運。工會昨向醫院管理局抗議，要求當局介入阻止外判商減薪。"
20061216-51,20061216,51,消防超時工作改補假,消防超時工作改補假 【本報訊】消防處負責調派消防、救護車的「調派組」面對人手短缺，一直透過員工作超時工作應付問題。調派組內的總隊目本周二陸續接到消防處通知，表示由今年八月起申領的紀律部隊現金逾時津貼，將不獲發放，只會改以逾時補償代替，即只能取得補假。他們在較早前所收到的逾時現金津貼，也將會在日後從每月發放的薪金中扣除。措施引起員方不滿。 指處方破壞夥伴關係 消防控制組職員會昨向會員發出通告，對新措施表示不滿，批評處方破壞合作夥伴關係，表示會積極跟進事件。工會建議處方縮減每次訓練人數，按比例加長訓練日數，以紓緩因訓練而導致日常當值人手不足的壓力。  消防處發言人表示，現時調派組因員工退休或離職，共有八至九個空缺，要由員工逾時工作填補人手不足。由於公務員的慣例規定，較高級員工署任低一級的職位時，只能領取逾時補償，不能領取現金的逾時津貼，處方在最近才發現有關問題，故作出更正，受影響的只包括總隊目級人員，估計人數只涉及十多人，現時仍未知所涉及的金額總數。
20061216-52,20061216,52,遇制服少女　難忍性衝動港大生巴士露械候懲,遇制服少女　難忍性衝動 港大生巴士露械候懲 【本報訊】香港大學工商管理學系3年級男學生，疑抵受不住16歲妙齡少女「紅十字會」的制服誘惑，尾隨女生登上巴士，從後撩撥對方帽子引其注意，女生回頭赫然發現男生露出陽具，即時大叫，驚動其他乘客報警。涉案男生昨在東區裁判法院承認「在公眾地方作出猥褻行為罪」，獲准保釋，押後至明年1月12日判刑。　記者：蔡曉楓 外形瘦削、架上眼鏡的被告彭志賢（21歲），於香港大學修讀工商管理學系，控罪指他於今年11月26日，在香港銅鑼灣怡和街與糖街交界一架東行的23號巴士上，無合理辯解暴露其陽具。 待感化官及心理報告 被告昨獨自出庭，一直縮坐在旁聽席上等候案件提訊，當法庭繙譯員向他宣讀控罪後，他只輕聲回應：「認罪」，其間一直表現緊張，東張西望。被告認罪後獲准保釋，他見感化官後，離去時為避開記者拍攝，以外套掩面，突然拔足狂奔。  署任主任裁判官麥健濤昨替被告索取感化官及心理報告，押後至明年1月12日判刑，其間准予被告保釋外出。當值律師昨替被告求情時表示，單身的被告為香港大學3年級學生，事件中意外郁動事主的帽子，無心驚動她，現已感到後悔。  案情指出，案發日早上，16歲事主身穿一套整齊紅十字會制服，登上一輛新巴23號巴士，被告見狀緊隨事主上車，待事主在上層巴士找到位坐下後，被告特意揀選坐在事主身後的座位。 事主被嚇至花容失色 案情又指，直至巴士駛至銅鑼灣怡和街附近，事主站起來準備下車之際，突然感到帽子被人撩撥，轉身回頭見被告坐在位子上露出陽具，事主被嚇至花容失色，大叫起來，驚動其他乘客代為報警，將被告當場拘捕。  新巴的23號巴士路線由北角碼頭開出，總站在蒲飛路，途經炮台山、銅鑼灣、金鐘、半山區及香港大學。  案件編號：ESCC5562/06
20061216-53,20061216,53,本港海域發現的部份珊瑚港海域珊瑚健康好轉,本港海域發現的部份珊瑚 港海域珊瑚健康好轉 【本報訊】本港海域的珊瑚健康情況持續改善。漁護署最新珊瑚普查結果顯示，珊瑚覆蓋範圍由去年最大的72.5%增加至今年的73.1%，反映珊瑚健康狀況的共生藻數量也明顯增加。  不過，在普查中有七個地點發現棄置魚網或珊瑚受損，也有五個地點的珊瑚錄得白化現象，可能因今年夏季水溫持續上升所致。 魚類品種較多樣化 漁護署於今年七至九月調查東平洲至果洲群島、共33個珊瑚普查地點的珊瑚礁健康狀況，漁護署高級海洋護理主任陳乃觀昨表示，在全港的普查地點中，有21個錄得50%或以上的珊瑚礁覆蓋範圍，地點包括東平洲、吉澳、荔枝窩、東灣及浪茄灣等，海下灣海岸公園的珊瑚灘更錄得最大珊瑚覆蓋範圍達73%。  陳乃觀指出，錄得較大珊瑚覆蓋範圍的普查地點魚種較多樣化，最常發現的包括海豬魚、石斑及蝴蝶魚等。同時，透過特定的珊瑚健康監察表找出珊瑚色素濃度，顏色愈深表示健康愈佳，平均顏色指數由去年的3.85增至今年的4.24，反映珊瑚健康情況大致良好。  有份參與普查的海洋生物學家蔡莉斯表示，海下灣及東平洲的珊瑚受到嚴重人為破壞，她指出，市民往往於浮潛時踩爛珊瑚，潛水教練應教導潛水人士控制力度，政府也應劃定准許浮潛區域。
20061216-54,20061216,54,博取女性注視　藉此得到滿足,博取女性注視　藉此得到滿足 犯罪學家黎定基表示，制服某程度上是權力或地位的象徵，某些人的潛意識會希望侵犯制服人士，從而滿足其征服慾望，甚至因此產生性衝動，透過露體或自慰宣洩。  黎定基稱，其實男女兩性均有可能對制服產生性快感，惟因女性一般較為內斂，男性則較難壓抑性衝動，故侵犯者多為男性。至於治療方面，最有效方法是協助患者建立健康的社交生活及和諧的兩性關係。  專業註冊臨床心理學博士羅志華則指出，男性向女性展露不文之物，動機可能是想引人注意，他們大多性格內向，自我形象低及缺乏社交能力，希望透過這些舉動，讓女性留意自己，藉此得到滿足感，部份人犯罪後不怕被拘捕，反而很享受被拉時的感覺，甚至感到興奮。羅認為他們需要別人關懷和愛護，最好是接受心理治療，或是透過社工輔導或參與宗教活動，也可協助他們糾正有關行為。  新聞資訊研究組
20061216-55,20061216,55,子女發脾氣最令父母頭痛,子女發脾氣最令父母頭痛 【本報訊】一項有關父母管教子女問題的調查發現，與子女相處時，最令父母頭痛的是子女發脾氣及扭計。有臨床心理學家指出，這反映小朋友普遍愛以發脾氣來表達自己，與現代小家庭的父母溺愛子女有關。 21%以體罰懲處 香港電台節目《父母學堂》上月進行網上調查，成功訪問548名父母，75%受訪父母表示與子女相處時，最令他們頭痛者是子女發脾氣，其次是扭計（見表）。調查又發現，有71%受訪父母會用喝罵方法懲罰不聽話的子女，選擇體罰者也有21%。  衞生署臨床心理學家歐葉麗賢表示，現代小家庭的父母多十分溺愛子女，容易寵壞他們，令小朋友愛以發脾氣來表達自己。她又提醒家長，責罵及體罰子女只能收短期效果，家長可採取刻意忽視、不准玩玩具或看電視作為懲罰，日常也應該多用口頭稱讚和擁抱，以增進親子關係。 子女最令父母頭痛的事 事項＊　	  發脾氣  百分比：75.2﹪    事項＊  扭計  百分比：63.9﹪    事項＊  吃飯  百分比：41.2﹪    事項＊  做功課	  百分比：36.5﹪    事項＊  洗澡	  百分比：31.0﹪    事項＊  駁嘴	  百分比：28.0﹪  ＊可選多項	  資料來源：港台「父母學堂網上調查」	
20061216-56,20061216,56,警指案件疑涉中港犯罪集團賊掘李嘉誠妻墓圖取財物勒索,警指案件疑涉中港犯罪集團 賊掘李嘉誠妻墓圖取財物勒索 【本報訊】富商李嘉誠亡妻莊月明位於柴灣佛教墳場的墳墓，今年大年初一被盜墓者破壞，警方懷疑事件涉及中港的犯罪集團，盜墓者計劃取出墓中財物用作勒索金錢。一名清潔工涉嫌當日參與綁起及搶劫守墓夫婦，被控一項搶劫罪，昨解往東區裁判法院提訊，裁判官應控方申請，將案押後至明年1月19日，待警方進一步調查。 被告稱負責睇水 被告胡振聲（37歲），任職清潔工人。控罪指他於今年1月29日，在柴灣歌連臣角香港佛教墳場寫字樓內，與其他在逃人士，搶劫夫婦歐陽威及陳惠芳港幣5萬元、一條金鏈、玉吊墜、兩部手提電話、一支「都彭」墨水筆及打火機、四支洋酒。被告暫毋須答辯。  根據控方向法庭呈上的指控，今年1月29日晚上11時，事主夫婦返回寫字樓遇見4名男子，他們有人手持牛肉刀及類似手槍狀物體，聲稱到來向另一職員追債，混亂間男事主頭部被牛肉刀所傷，夫婦被四人蒙眼及綁起，兩小時後自行鬆綁，發現涉案墳墓被毀壞，墳旁留下一把電鑽，相信遭人盜墓。  今年12月13日，被告應警方邀請協助調查，其後在警署被拘捕。被告聲稱負責「睇水」，計劃從墓中偷取值錢的物品用作向他人勒索金錢，警方相信事件涉及中港犯罪集團。 續追緝涉案人士 控方昨申請將案押後，待警方作進一步調查，指被告不但涉及搶劫，還有份損毀墳墓，相信案件涉及其他在逃人士，警方正繼續追緝涉案人士，或會加控被告其他罪名。控方又指，被告今年初出獄後即犯案，基於案情嚴重，反對被告擔保。  辯方申請擔保時表示，被告須照顧患病母親，願意交出2萬元保釋金，但遭裁判官拒絕，還柙監房至1月19日再訊。  被告父親昨接受訪問，指兒子年少時曾結識不良分子，誤入歧途，但自今年初出獄後已安份守己，在清潔公司擔任管工，他不清楚兒子今次所犯何事，後來得悉與李嘉誠妻子墳墓有關，便顯得相當擔心，但他認為兒子是無辜的。  案件編號：ESCC5570/06    近年盜墓事件簿    日期：1/06  事件：柴灣佛教墳場內，富商李嘉誠亡妻莊月明墳墓被4名歹徒鑿毀    日期：10/05  事件：將軍澳華人永遠墳場內，3個骨灰龕被搗毀，裏面遺有一張紅色勒索紙條，命令死者家人將5萬元存入指定銀行    日期：7/05  事件：兩名賊人於柴灣歌連臣角墳場偷取多個骨灰龕內的飾物，包括手錶、耳環、玉墜等    日期：9/03  事件：荃灣華人永遠墳場的一個骨灰龕遭人撬開，內裏骨灰及陪葬物品被偷走    日期：2/02  事件：柴灣華人永遠墳場內，3個骨灰龕被人打破，龕旁的陪葬品懷疑被人偷去    資料來源：《蘋果》資料室
20061216-57,20061216,57,拉枱布廣告涉教壞細路,拉枱布廣告涉教壞細路 【本報訊】無綫電視、亞洲電視及有線電視今年9月播出一齣廣告，描述一名幼童拉下枱布後還獲家長讚許的鏡頭，遭巿民投訴教壞細路模仿危險動作。廣播事務管理局昨裁定投訴成立，向三間電視台發出勸喻。 向三間電視台發勸喻 廣管局表示，該廣告「Friso-Play&Learn美素高」今年9月在不同日子分別於亞洲電視本港台、無綫電視翡翠台及有線電視兒童台播出。五名投訴人認為，廣告描述兒童拉下枱布的鏡頭，屬危險動作，會引起其他兒童模仿而受傷。  廣管局稱，廣告中兒童拉下枱布的動作非常危險，片段描繪幼兒的母親對兒子的趣怪動作表示讚許，會令幼童不知該動作危險；廣告的主題雖與兒童冒險精神有關，但若其他孩童模仿拉枱布的動作，會帶來無可補救的傷害，因此該廣告不宜在任何時段播出，裁定投訴成立，向三間電視台發出勸喻。
20061216-58,20061216,58,加強保安夜後放沙皮狗守墓園,加強保安 夜後放沙皮狗守墓園 位於柴灣歌連臣角的柴灣佛教墳場，安葬着不少知名人士，包括前特首董建華的祖父，李嘉誠的亡妻及岳母，則葬於近辦事處的相連墓地，李嘉誠每年元旦均前往拜祭。自盜墓事件發生後，墳場亦新增多種設備加強保安。  記者昨到案發現場觀察所見，辦公大樓設有多種高科技防盜設備，包括5個閉路電視，3個分布在天台，1個在大樓入口及面向李嘉誠妻子的墳墓。而大樓天台亦設有熱能探測，及在四面裝上多個紅外線防盜器和防盜警鐘，保安相當嚴密。  據了解，職員在大樓還養有兩頭沙皮狗，待墓園關門後才放狗。至於今年大年初一遭破壞損毀的李嘉誠妻子墳墓，現已維修妥當，換上光潔的雲石，墓前放置了兩束鮮花。  本報記者
20061216-59,20061216,59,少數族裔投訴電盈員工,"少數族裔投訴電盈員工 【本報訊】數十名少數族裔市民投訴，受自稱電訊盈科的推銷員誤導，簽下寬頻電視合約，要求取消合約時，卻被電盈索取逾7,000元終止服務費用。 指誤導簽約 協助他們的立法會議員涂謹申表示，若證明市民是被欺騙下簽署合約，電盈應取消合約及全數退回款項。  其中一名不懂中文的投訴人指出，推銷員以可免費欣賞寬頻電視為招徠，要求她簽下一份中文同意書，但原來那是一份安裝收費電視的合約。投訴者多次致電要求終止服務，結果被要求繳交7,159元解約費用。另有投訴者稱，先後被不同的電盈推銷員誤導，簽下三份合約，結果在住宅安裝了三個解碼器，電盈表示如要取消合約需付6,000元。  電訊盈科發言人回應稱，已即時主動聯絡有關方面跟進。發言人強調，該公司一直有員工核實所有交易合約，並規定所有員工不得更改合約內容。"
20061216-60,20061216,60,買貴$6瘦肉師奶大鬧肉檔停留半小時　叫人勿幫襯　報稱被打傷,買貴$6瘦肉師奶大鬧肉檔 停留半小時　叫人勿幫襯　報稱被打傷 【本報訊】屯門新墟街市昨午發生買豬肉糾紛。一名婦人買兩斤瘦豬肉後，發現比對戶檔口每斤貴3元，要求減價。東主不允雙方發生爭執。爭持間，女事主報稱東主以肉刀拍枱嚇唬，又揪着其衣領及揮拳毆打她面部，遂報警獲送院檢驗。東主涉嫌打人被捕，但他只承認用手推撞過她，並指她蠻不講理。　記者：梁維健 現場在屯門新墟街市的元興豬牛羊肉枱，由姓吳（61歲）東主經營，女顧客姓譚（47歲）並非熟客。昨午1時30分，譚婦到肉枱前沒有問明每斤瘦豬肉多少錢，並表示買兩斤。東主斬碎豬肉後，便說總數收50元。「吓，乜咁貴㗎！」譚婦認為價錢太貴，要求減價，又指對戶的肉檔的瘦豬肉每斤賣22元，換言之她要多付6元。東主說肉已斬碎，應要購買，雙方僵持不下，互相辱罵。 要求檔主道歉和解 後來，譚婦稱自己沒有帶夠50元，東主無辦法下亦不再勉強。但譚婦再度要求減價不遂後，一直站於舖前嘀嘀咕咕，歷時長達半小時，並向到臨的其他顧客說：「呢度嘅豬肉好貴，唔好買呀！」東主見譚婦趕客，便以刀敲打肉枱嚇唬。  譚婦報稱，東主隨後執住她的衣領，然後揮右拳打她的面頰兩下，她報警求助。警員到場勸喻兩人大事化小，東主堅稱沒有打過譚婦，只是推撞她和着令她不要滋擾顧客。  譚婦恐入院要繳付100元診費，因小失大，一度考慮和解，但她向警員要求傳達訊息，除非東主肯當面向她說一聲「對唔住」才和解，東主回應：「我都冇打過佢，做乜事要我道歉呀！」警員最後拘捕涉嫌毆打傷人的東主返署，譚婦則被送院驗傷。
20061216-61,20061216,61,公屋開賭遭收樓　辦事處外露宿被趕走綜援惡霸爬圍牆玩跳樓,公屋開賭遭收樓　辦事處外露宿被趕走 綜援惡霸爬圍牆玩跳樓 【本報訊】馬鞍山利安邨一名領綜援的惡租霸，因為擅自拆毀單位間隔、開賭及欠租，去年底遭房屋署收樓；但他「賴死唔走」，幾乎晚晚在利安邨商場房署辦事處外「打地鋪」。綜援漢昨凌晨再度冒寒露宿，保安員干涉，他竟然發脾氣爬上商場2樓圍牆聲稱跳樓，與救援人員對峙，事件擾攘近半小時，最後由消防員協助，將他送院。　記者：宋光明 鬧事的綜援漢羅亮勝（47歲），較早前被鄰居形容為「刁民」、「麻煩友」；他原本一家五口住在利安邨利榮樓，03年與妻子離婚後，三名子女由妻子撫養，羅獲房署恩恤安排入住同邨利華樓一單位。當時他不滿單位面積細，曾經到房署辦公室露宿抗議。 曾擅自拆去間隔 去年11月24日，羅因為擅自將單位內所有間隔牆壁拆去、開賭及欠租三個月，被房署勒令遷出，收樓期間他將自己反鎖屋內，聲言引爆氣體，驚動警方調解。  最後房署於本年3月成功收樓，而羅更因破壞房署新裝上的門鎖及鐵閘入屋再住被捕，刑事毀壞罪成判監，緩刑一年。自此羅亮勝重施故技，不定時出現在房署辦事處外露宿，保安員「見一次趕一次」。 已重新登記輪候 昨凌晨4時，姓李保安員（38歲）又見羅在利安邨商場房署辦事處外露宿，於是出言干涉，不料他突然發難，沿欄杆爬上2樓頂層，坐在圍牆上揚言跳樓，保安員於是報警。  消防員到場與羅對峙，經消防員游說20分鐘將他勸服，用鋼梯協助他爬下送院。據悉，事主已經重新登記輪候入住公屋。
20061216-62,20061216,62,電線短路火燒性用品貨倉,電線短路火燒性用品貨倉 【本報訊】油麻地一個存放性用品的貨倉，昨日疑電線短路引起火警。警員到場疏散大廈住客，消防員開喉迅速將火救熄，無人受傷，但貨倉內貨物付諸一炬。  現場為甘肅街15至17號平安大廈三樓一單位，上址是住宅單位，但較早前被人改為貨倉，並租給一個在廟街擺檔售賣性用品的商販，存放性用品貨物。據稱東主在日間亦會在單位內充電，準備晚上開檔時照明之用。 檔主見狀痛心不已 火警在昨日下午2時24分發生，當時現場單位內無人，其間懷疑正在充電的電池有電線短路，火警惹着物品，大火一發不可收拾，街坊發現單位冒煙，慌忙逃生及報警，警方到場協助住客疏散，其間，有警員背着老婦和抱着嬰兒落樓；消防員則利用升降台開喉救火，至2時57分將火撲熄，但起火單位則遭嚴重焚毀，幸無人傷。  起火貨倉內全部性用品貨物付諸一炬，檔主事後接報趕返現場，見狀痛心不已，他拒透露損失貨物的價值，但相信一段時間都無法開檔。
20061216-63,20061216,63,坐簷篷叫救命　警拘三男子債仔稱被收數佬掟落街,坐簷篷叫救命　警拘三男子 債仔稱被收數佬掟落街 【本報訊】旺角花園街一幢唐樓昨午發生離奇墮樓案，一名自稱遭人追債男子，報稱在3樓寓所內被五名「收數佬」合力從窗口「掟落樓」，結果跌在1樓帆布簷篷上，手臂骨折。警方事後拘捕三名收數佬，懷疑他們涉嫌毆打。 警問話支吾以對 墮樓男子姓黃（54歲），獨居於旺角花園街127號唐3樓一個板間房。警方消息稱，昨日下午3時許，街坊聽到一聲隆然巨響，發現大廈1樓一個帆布與鋅鐵搭建的簷篷傾塌，有一名男子坐在簷篷邊大叫救命。  警員及消防員接報到場，在簷篷邊搭上鐵梯將他救下。其間，傷者向警員聲稱，較早前遭五名追數佬登門討債，並被人合力從窗口掟落樓，結果跌在1樓簷篷上。當警員追問詳情時，他突然支吾以對，並不斷大聲說：「我隻手好痛呀！」  救護員稍後將傷者送院治療，初步檢驗發現事主左手臂骨折。警員稍後封鎖大廈登樓調查，但無發現。稍後，三名自稱往上址單位收數的男子（37至44歲）往旺角警署自首，警方暫以涉嫌毆打罪名將他們拘捕。
20061216-64,20061216,64,父親仰藥兒子救命,父親仰藥兒子救命 【本報訊】一名58歲姓許中年男子報稱不開心，昨晨4時許，在上水彩園邨彩華樓住所，吞服安眠藥企圖自殺，並致電向29歲兒子透露要尋死，驚動對方報警求助，並聯同居住別處的家人趕至查看。消防員到場破門入屋，將神志不清事主救出送院（圖），情況穩定，警方正了解其自殺原因。  區恩傑攝
20061216-65,20061216,65,海關11日掃300萬支私煙,海關11日掃300萬支私煙 【本報訊】聖誕及新年節日臨近，私煙需求增加，海關在過去11日進行全港大規模反私煙行動，搗破四宗利用貨車分銷大量私煙，以及十多宗在街頭販賣私煙案件，拘捕23人，共搜出近300萬支私煙，總值逾410萬元，應課稅值逾235萬元。 行動共拘捕23人 海關發言人表示，由於聖誕及新年佳節臨近，海關發現分銷及零售私煙等不法活動有所增加，於本月4日開始展開一項針對全港分銷及零售層面反私煙行動。  海關於本月4、8及9日分別於九龍城、九龍灣及屯門，搗破三宗利用貨車分銷大量私煙案件，拘捕3人扣查三部貨車，搜出110多萬支懷疑從內地偷運來港私煙及包裝工具。  至前日下午3時許，海關人員在長沙灣青山道一幢工業大廈停車場埋伏，發現兩部貨車在懷疑交收私煙。海關人員採取行動，即場拘捕三名司機及跟車，搜出156萬多支私煙，市值218萬多元，應課稅值125萬多元。  此外，海關人員同時在全港多處街頭販賣私煙黑點，搗破十多宗零售私煙不法勾當，共搜出27萬多支私煙，拘捕17名男女。  在反私煙行動中被捕的15男8女（25至69歲），分別被控以管有或處理私煙等罪名。海關發言人提醒市民，任何人士若管有、處理、售賣及購買私煙均屬違法，最高可被罰款100萬元及監禁兩年。
20061216-66,20061216,66,鐘樓三個可能去向,鐘樓三個可能去向 政府物料供應倉：  若政府打算像美利樓般重建鐘樓，多數會把兩截鐘樓及大鐘存放在物料供應倉    政府地盤：  若政府因避免激起民怨而不敢立即將鐘樓砸碎，或會隨便擺放在任何一個地盤，待社會輿論淡化後再處理    廢物堆填區：  若政府決定盡快解決「天星風波」，或會將鐘樓送往堆填區「埋葬」  資料來源：《蘋果》資料室
20061216-67,20061216,67,特稿：新娘珠光寶氣全身3110萬親自設計巨鑽頸鏈　吊墜達10卡,"特稿：新娘珠光寶氣全身3110萬 親自設計巨鑽頸鏈　吊墜達10卡 嫁入豪門成為恒基李家媳婦，徐子淇嫁婚行頭超級升格，日與夜都一片珠光寶氣，估計珠寶總值約3,110萬元。早上行禮時，她穿上名設計師鄭兆良的露背婚紗，戴上價值400萬元的五卡求婚鑽戒，加上古董花形鑽石皇冠，清麗可人。 「見過一個公主戴過」 徐子淇胸前佩戴了一條水滴形巨鑽吊墜頸鏈，非常閃爍耀目。頸鏈位置採用雙行設計，由每粒約重1卡的橢圓形鑽石組成，估計用了超過100卡鑽石。吊墜部份同樣採清雅高貴的雙圈風格，中央吊住一顆約10卡梨形鑽石，單這條鑽石頸鏈估計已值1,500萬港元。徐子淇透露首飾最珍貴之處是由她自己設計，「係我自己設計，畫咗圖，Martin（李家誠）再拎去畀人做，因為我之前見過一個公主戴過呢個設計，我好鍾意，咪記住佢嘅款囉。」問她價值多少？新娘子甜笑說：「你問Martin啦！」但李家誠三緘其口。  晚宴上徐子淇換上同樣由鄭兆良設計的銀色釘珠晚裝，頭上則改戴另一款巨型花朵鑽石頭飾。  本報記者"
20061216-68,20061216,68,垃圾蟲遭票控發狂,垃圾蟲遭票控發狂 【本報訊】昨晨7時許，65歲姓陳男子在葵涌智芳街街市買餸後，因隨地吐痰，遭兩名食環署人員票控。男子拒絕出示身份證予對方登記，一度情緒激動撼頭埋牆。食環署人員見狀上前制止，雙方扭作一團跌倒，由接報警員協助將他制服。男子（圖一）報稱被打不適送院；一名姓張（41歲）食環署人員則擦傷手部亦被送院（圖二）。  簡明恩攝
20061216-69,20061216,69,「爛賭二」刀架頸企圖自殺,「爛賭二」刀架頸企圖自殺 【本報訊】一名被街坊稱為「爛賭二」的男子，自稱不堪家庭、錢銀及工作壓力，昨日下午在屯門湖景邨寓所用兩把生果刀架頸，並聲稱會跳樓自殺。警員到場將他勸服送院，事主聲稱因為欠下數萬賭債而尋死。 警員游說半小時 企圖自殺男子姓石（49歲），報稱與妻子、三名兒子、一名兒媳及一名2歲大孫女同住湖景邨湖碧樓一單位。警方消息稱，昨午2時許，姓葉男子往上址探訪時，事主突然情緒激動，聲稱自殺，姓葉男子連忙離開單位報警。  警員及消防員到場時，事主雙手各握一把生果刀，其間用刀架頸及作狀刺腹自殺，其後又表示會跳樓。警員隔着鐵閘勸說，大約半小時後將他勸服送院。 稱肩負生活重擔 事主其後向記者表示，他任職建築工人逾20年，長子（20歲）結婚兩年及有一女，事主的兩名幼子年僅11及12歲，仍在讀書，一家七口生活靠他一人維持，近年因為地盤開工不足而飽受經濟壓力。  姓石事主承認有賭博，但否認街坊指他是「爛賭二」經常過大海豪賭，聲稱只是欠了數萬元「馬仔數」未還。他自稱因欠債曾割脈自殺，醫生勸他接受病態賭徒心理治療，但他不肯去。
20061216-70,20061216,70,落斜彎位接連車禍,落斜彎位接連車禍 【本報訊】深水埗大埔道一個落斜右彎昨凌晨接連發生兩宗交通意外，幸無人受傷。凌晨3時許，一輛四驅車沿大埔道北行至金山郊野公園附近一個落斜右彎，疑閃避越線車輛失控，撞毀防撞欄後翻轉四輪朝天（圖一右）。42歲姓鄭男司機無受傷自行爬出（圖二），報警求助。此時，另一輛空載的士駛至，56歲姓袁司機報稱為閃避猴子，加上天雨路滑失控，的士打「白鴿轉」滑出對面線（圖一左），幸未有與之前的四驅車碰撞。  宋光明攝
20061216-71,20061216,71,車禍彈氣袋傷司機,車禍彈氣袋傷司機 【本報訊】昨午1時許，一輛私家車由黃大仙飛鵝山飛雲路翠麗園停車場駛出路面之際，疑遭停泊路邊的車輛阻擋視線，與沿路駛至的一輛七人車相撞。兩車車頭損毀（圖）。姓許（52歲）的私家車女司機被彈出的氣袋撞傷嘴，即場敷治後毋須送院。外籍姓Pastor的七人車司機在場協助調查。  劉永明攝
20061216-72,20061216,72,婦與夫爭執想跳橋,婦與夫爭執想跳橋 【本報訊】上水古洞一名28歲陳姓女子，昨早上11時許在寓所內與29歲姓馮丈夫疑因金錢及家事問題激烈爭吵後情緒激動，走到行人天橋企圖跳橋自殺，被行經的64歲彭婦阻止及報警。警員到場時，女事主已離去，警員在古洞街市內將她尋回送院（圖）。  徐雲庭攝
20061216-73,20061216,73,妻遭非禮夫毆色狼,妻遭非禮夫毆色狼 【本報訊】一對花甲夫婦昨晨9時半在觀塘同仁街寶聲娛樂城搭電梯時，約60歲的姓梁婦人報稱遭古稀老翁（姓黃、69歲）撞胸非禮，64歲的姓關丈夫得悉後極為憤怒責問涉嫌色狼，結果兩人大打出手，兩敗俱傷，兩事主夫婦（圖）與涉嫌色狼同被捕送院。  劉永明攝
20061216-74,20061216,74,參茸行失財42萬,參茸行失財42萬 【本報訊】屯門青山公路385號一間開張三個月的參茸行遭爆竊（圖）。昨晨11時半，46歲姓程女職員返回時，因門鎖被撬毀無法開門，只好由側門進入，赫見店內一片混亂，經點算證實損失一批人參（包括一支長白山人參）及瑤柱等海味，貨品連現金合共損失42萬元，於是報警。警方到場調查發現閣樓窗外搭有一條梯，相信賊人從此潛入犯案，現正展開追查。  江寶龍攝
20061216-75,20061216,75,理大校園野戰勝地曝光,理大校園野戰勝地曝光 公眾地方不應做有傷風化行為，但一些情到濃時的情侶大概顧不得這麼多了！網友ALEKIM在UwantsForum發起網上投票，問題是「大家覺得有無人會喺Poly（理工大學）打野戰呢？」結果出人意表，竟然有七成半人認為有甚至曾親眼目擊，網友還大爆校內幽會熱點㖭！ 大學應是求學問做研究的地方，淪為偷情勝地，福爾摩斯二世認為可能與學生愛追求刺激有關，「咁多後生仔女，點都會有啲比較衝動又愛刺激嘅人。」網民maxtam一副識途老馬口脗，「入夜之後，去BCCore同YCore，求其揀間空房入去就得。」 「哈哈，好刺激」 網友nicole爆料，曾目擊有情侶在BCCore四樓空置房間接吻，「我一開門就見到佢哋kiss，哈哈，好刺激。」isaaolee講得更白，「學生會附近嗰啲房，成日有人做㗎。」  警衞室下草地成熱點  理大舊生Numb_ball稱，校園春光盛行已久，兩年前我讀PolyU時已見過，喺警衞室下面塊草地，好多人都睇過。」Funnykid更說足球場後面空地也是情侶愛流連的地方，「我懷疑圖書館都有。」Tony認為現時不少同學住在宿舍，在校園胡作非為者相信會減少，「要搞都返hall搞啦，使咩喺公眾地方做咁危險？」    《蘋果》網聞版請你報料！大家無論在網上網外發現任何騎呢搞笑的事情，都歡迎提供照片或短片資料。  一經採用可獲酬100元  請附姓名、電話及電郵地址，電郵到：newsapple@appledaily.com
20061216-76,20061216,76,打翻茶壺滾水淋腳,打翻茶壺滾水淋腳 【本報訊】昨晨9時許，一名年約30歲女子偕母親在葵涌好爵中心一間茶樓品茗，其間事主拿起茶壺倒茶之際失手打翻茶壺，燙熱滾水登時淋在她的雙腳大腿，痛得失聲大叫；酒樓職員見狀代為報警。女傷者雙腿被滾水燙得通紅，經救護員初步敷治後送院，接受進一步治理（圖）。  梁維建攝
20061216-77,20061216,77,是日upload：國產車「抄得露骨」,是日upload：國產車「抄得露骨」 「部E-class、Smart同埋部Pardo簡直離晒大譜，抄都唔好抄得咁足吖！」網上流傳圖文並茂的「偉大強國10大老翻汽車」中，內地生產的汽車與外國名牌汽車驚人地相似，引起網友「野孩子」的強烈反感。  網友秋兒說：「抄到個殼有鬼用咩，連啲餡都抄埋咁就差唔多。」網民好戲之人則緊接着回應：「你識咩吖？你唔熟悉中國國情，中國最重視就係包裝，好似啲假豉油、打蠟生果咁，最緊要係個樣。」  大魔王就說出自己的親身經歷，「早排我返大陸睇貨辦，有件貨我睇緊之際，個老闆行過嚟，眼神堅定地操大陸音廣東話介紹話：𠵱勁（件）貨係咪（美）國攞咗設計獎，我地攞咗佢返嚟，自己做個模，一模一樣㗎，所以質量絕對冇問題！」VoidWalker：「冚住咗梗係咩都無人知啦，買返去得個殼。」有網友卻認為，「唔係部部都似，同埋咁多種車有似嘅都唔出奇，唔一定係抄。」
20061216-78,20061216,78,網絡百寶箱：凍奶最解辣,網絡百寶箱：凍奶最解辣 香辣佳餚令人又愛又恨，嚐辣一族平時日子有功，練得一身抗辣好武功，吃得津津有味；但少食辣者偶嚐一口，即時眼淚、鼻水直流，口唇腫脹。香港討論區有網民提供傳統喝冰水極速減辣外，還有五招解辣妙法。  五招包括情侶最唔鍾意的「呷醋」、吃辣後飲一杯「事後奶」（乳酸牛奶或雪糕）、以甜制辣、生吃青瓜片，還有切勿「隊啤」解辣。家庭醫生關嘉美認為「事後奶」最可取，可中和胃酸，但要飲凍奶，效果比冰水更佳，最不可靠是「呷醋」和飲啤酒：「兩樣都係刺激性，好傷胃㗎！只不過係感覺轉移，自己呃自己。」  網民認為「以甜制辣」可以含一口砂糖，但關醫生指液體的效果比較好，例如朱古力奶或蜜糖水，都是不錯的選擇。還有用作伴碟的青瓜片，都是解辣好幫手。關醫生認為吃辣後，嚼一口青瓜片，即時有清涼感覺，可消解口腔的灼熱火燙感。
20061216-79,20061216,79,被搶客貨車遭縱火,被搶客貨車遭縱火 【本報訊】出租客貨車四日前被三名賊人電召誘騙至上水河上鄉，33歲姓蔡司機被掠去財物及挾持往銀行櫃員機提款後，遭賊人綑綁棄於八鄉橫台山邱屋村一間荒廢村屋自行脫險。賊人搶去客貨車，昨凌晨該車被發現在邱屋村被縱火燒毀（圖）。  區恩傑攝
20061216-80,20061216,80,網友爆料：女仔有紋身　少男唔敢追,網友爆料：女仔有紋身　少男唔敢追 初入情場的阿迷對一名女同學素有好感，可惜襄王有心，神女無夢，關係始終未有突破發展，近日阿迷的軍師報料，令他更加迷茫，「聽人講佢有紋身，大家話我應唔應該停止追佢？」粵語片年代紋身者好人有限，現在還有這種偏見？  網友普遍是觀念開放潮人一族，多認為阿迷不應介懷，紫心蕃薯指紋身是潮流，「如果你因為一個人紋身，就對佢為人下判斷，咁樣對佢太唔公平。」網民tgk也說女孩子紋身並非甚麼大不了的事情，「如果你接受唔到女朋友身上有個公仔嘅話，咪唔好追囉。」  網友sayurili自言身上有五個紋身，但無礙她有好歸宿，「我紋身只是貪玩和貪靚，我男朋友都不介意，已經決定明年結婚。選擇女朋友係睇對方性格、人品，而不是有冇紋身！」Billy建議阿迷投其所好，「佢有紋身嘅話，咪配合番佢，紋番個公仔喺心口度囉。」
20061216-81,20061216,81,經濟好轉未受益四成五文職人員續凍薪,經濟好轉未受益 四成五文職人員續凍薪 【本報訊】努力工作的打工仔當然希望取得合理回報。但一項調查顯示，雖然經濟好轉，依然有56%文職及專業人員今年繼續凍薪或被減薪；面對不合理的回報，14%人會以按章工作表示無聲抗議。展望來年加薪幅度，打工仔不敢獅子開大口，工會則建議最少應有4%增長。　記者：盧文烈 文職及專業人員協會在10月中旬成功訪問664名會員，結果顯示大部份打工仔未能受惠於經濟復蘇，11%被訪僱員今年被減薪；45%凍薪；獲加薪的只有44%。65%僱員坦言不滿意今年薪酬調整幅度；近半數人表示會無奈接受不合理的薪酬加幅；20%選擇轉工；14%會按章工作，當中以中高層員工比率較高。文職及專業人員協會會長吳秋北說，文職及專業人員以往較少採取實質行動爭取加薪，今次結果反映僱員對薪酬調整的不滿。 四成望加薪7% 有46%被訪者希望來年可加薪7%以上；36%期望加幅在4%至6%之間，反映打工仔的加薪期望十分克制。吳秋北說，工會建議僱主明年最少應加薪4%，而調查顯示，加薪不但可以提高工作效率及增加對公司歸屬感，30%被訪者更表示會因此增加消費。  香港康樂體育專業人員總會會長李粵閩稱，康樂及文化事務署聘請的兼職導師，今年時薪雖有輕微增長，但仍較兩年前為低。香港銀行業僱員協會副主席余少華說，今年銀行從業員平均僅得約1%薪酬增長，而後勤員工薪酬加幅遠低於前線推銷銀行產品的員工，造成分化，期望銀行採取劃一加薪政策。 打工仔不滿薪酬加幅的反應 反應：無奈接受  百分比：47%    反應：對公司的歸屬感減少  百分比：38%    反應：轉工  百分比：20%    反應：按章工作  百分比：14%    反應：要求公司減低工作量  百分比：11%    反應：要求公司提供其他福利  百分比：6.5%    受訪人數：664人，可選擇多於一項  資料來源：文職及專業人員協會
20061216-82,20061216,82,網路風雲：WWF賣廣告知慳識儉,網路風雲：WWF賣廣告知慳識儉 YouTube滲透全球的威力毋庸置疑，商業機構無時無刻借用網站宣傳，連環保團體也看中這片天空，走入YouTube大賣免費廣告。世界自然基金會（WWF）最近把一套拯救海洋的短片放上YouTube，倡議立法禁制過度撈捕，以保存海洋生物的數量。  短片展示了拖網漁船對海洋生態環境的破壞，這種捕魚方法不僅將所有魚類「一網打盡」，更摧毀魚類賴以繁殖和生長的海床生境。世界自然基金會建議，政府應採用全新經濟模式管理香港東北水域，為環境保育及社會整體帶來雙贏局面。
20061216-83,20061216,83,海關添法證三寶,海關添法證三寶 【本報訊】具上網及視像功能的手提電話及電子手帳已十分普遍，海關發現愈來愈多不法分子利用手機及電子手帳作案，正制訂有關驗證程序，加強驗證效果及符合法庭要求，並添置多套電腦法證儀器加強打擊罪行。 已處理316宗電腦罪行 海關電腦法證所主任關煜群昨於記者會上指出，手提電話可儲存很多數據及資料，匪徒毋須在犯案現場也可作案，手法複雜。他稱，海關現有的電腦鑑證器材可處理涉及手提電話的證據，但畢竟屬新電腦犯案手法，正制訂相關驗證程序，以符合呈堂要求，以及提高驗證成效。  在2000年成立的海關電腦法證所主要就撿獲的電腦進行法證檢驗，即協助前線人員在案發現場套取電子證據。該法證所至今已處理316宗電腦及互聯網罪行案件，包括首宗利用BT軟件上載侵權的「BT蠱惑天王」案件。  海關資訊科技科高級參事張志剛表示，早前海關添置了多套先進電腦法證儀器，包括首部在港使用的光碟分析機、便攜式電腦取證機及數據分析軟件等。電腦法證所監督黃永輝表示，海關人員需緊貼日新月異的資訊科技發展，利用先進設施及技術，打擊有關罪行，所以海關會不時派員到本港及海外受訓，至今已有30名海關人員接受過電腦法證訓練。
20061216-84,20061216,84,重型車難裝倒車器,重型車難裝倒車器 【本報訊】環境運輸及工務局副秘書長蔡淑嫻昨表示，當局正就倒車安全進行立法前期工作，但現時市面上有10多款重型車車種，不能安裝倒車閉路電視系統，又或安裝系統後仍有盲點，所以要仔細研究及諮詢業界。 建議司機續牌前驗身 在昨日的立法會交通事務委員會會議上，民主黨議員鄭家富提出私人草案，建議貨車必須安裝倒車閉路電視，及建議規定55歲以上司機續牌前驗身。蔡淑嫻表示，以往交通意外很少與司機健康有關，當局對規定55歲以上的司機交驗身報告的建議有保留。  委員會又討論了加強罰則打擊酒後駕駛的問題，民主黨議員李永達建議，罰則應按違例司機體內酒精含量而逐級提高。蔡淑嫻表示，目前司機體內酒精含量限制已採用國際標準，無意推行分級懲處。
20061216-85,20061216,85,小腦萎縮中年漢喜獲電輪椅,"小腦萎縮中年漢喜獲電輪椅 「以前我坐輪椅出街上上落落，都要老婆出盡力先可以推郁架車，𠵱家有電動輪椅，我可以自己落樓，吸吓新鮮空氣。」患有小腦萎縮症的華叔（56歲）坐在全新的電動輪椅上，興奮地示範以一隻手控制輪椅，流露出有如小孩獲得新玩具般的喜悅，並展現久違的笑容。 妻肩負生活重擔 華叔年輕時身體壯健，任職的士司機，每日為口奔馳，生活僅足餬口。六年前他突然四肢無力，不斷流口水，經醫生檢查證實患上小腦萎縮症，被迫要放棄工作，更要將當時剛買入之的士蝕讓，其妻還要照顧90多歲母親，一家生活重擔落在妻子身上。  雖然華叔有一名已投身社會的兒子，但因任職廚工的收入微薄，根本無力供養父母，故當時沉重的經濟壓力，令各人透不過氣來。 灰暗生活見光明 隨着病情日益嚴重，華叔的肌肉衰退，不能再以雙手操控輪椅，但一部適合他使用的電動輪椅需費22,600元，他只好向社區中心暫借一部舊式電動輪椅代步，可惜該輪椅欠缺煞車掣，加上椅身太重，妻子難以推動上落交通工具。礙於出入遇上重重困難，華叔每日只呆在家中，對着冷冰冰的四堵牆。  本報報道華叔的情況後，熱心讀者紛紛施予援手，終償華叔心願，購置全新電動輪椅，為他原本灰暗的生活重添色彩。  華叔捐款編號﹕C1709  輪椅專戶捐款編號：C0550"
20061216-86,20061216,86,下月2日復售居屋,"下月2日復售居屋 【本報訊】房屋委員會恢復出售首批3,056個居屋貨尾單位，下月2日至15日接受公屋居民及合資格人士申請。復售單位包括牛池灣嘉峰臺、沙田愉翠苑及天水圍天富苑，實用面積由39.2至61.6平方米，售價介乎563,900元至1,896,700元不等。  房委會發言人表示，所有單位出售前會進行修葺，確保質素。有興趣申請者可於申請期內到房委會位於樂富的客務中心、各屋邨辦事處、深水埗房屋事務詢問處及各區民政事務處，索取銷售資料及申請表。"
20061216-87,20061216,87,捐助蘋果日報慈善基金方法,捐助蘋果日報慈善基金方法
20061216-88,20061216,88,拆局文物保護政策咎由自取,拆局 文物保護政策咎由自取 對於清拆舊天星碼頭的風波，有保育人士認為，今次事件完全是政府的文物保護政策「咎由自取」，是市民累積怨氣的一次爆破。事實上，民政事務局就文物政策檢討的公眾諮詢早於04年5月結束，但兩年多至今仍然只聞樓梯響，行動欠奉。 「特首連天星都保唔住」 本身是長春社理社的理工大學土木工程系副教授熊永達表示，本港的文物保育政策比世界各地都要落後，「淨係講鄰近嘅澳門，人哋嘅特首何厚鏵對歷史幾尊重，所以澳門可以納入聯合國世界文化遺產，但我哋嘅特首曾蔭權，連一座天星碼頭都保唔住。」  事實上，本港的文化保護政策一直停滯不前，很多具歷史價值的古蹟建築物，不少近年都先後被改建為商場或超級市場，早就引起保護文物人士的不滿；而現存的不少古蹟，包括了中區警署古蹟群、雷生春及虎豹別墅等，前途仍然懸而未決。  民政事務局消息人士稱，特區政府會盡快推出文物政策檢討的第二輪公眾諮詢。由於政府也意識到保育人士所累積的怨氣，所以今次在處理中環舊天星碼頭的清拆問題上，採取「快刀斬亂麻」方法，而且工程全部低調，甚至秘密進行，包括用帆布將整座鐘樓包住及漏夜趕工。  本報記者
20061216-89,20061216,89,老爺開心派千萬利是恒地員工每人一萬,"老爺開心派千萬利是 恒地員工每人一萬 【本報訊】有「香港畢菲特」之稱的恒基地產主席李兆基昨日娶新抱，幼子李家誠與藝人徐子淇在澳洲悉尼舉行婚禮，新翁心情靚極，即興向旗下恒地逾千員工豪派每人一萬元利是。合共逾千萬元的利是由老闆私人掏腰包，並非薪金花紅故毋須交稅，有恒地員工說：「整間公司上下員工興奮到『地震』。」　記者：劉碧思、何永寧、梁錦貞 人稱四叔的李兆基為慶祝幼子李家誠和徐子淇結婚，昨日特別透過長途電話向恒地員工發放大利是。正在當地統籌婚禮的恒基公關昨天向本報記者表示，李兆基對兒子大婚感到十分開心，所以致電聯絡恒基地產副主席林高演，表示以私人名義向恒地1,050名員工，派發每人一萬元大利是，合共1050萬元。  在港的恒地員工表示：「我哋都係收到澳洲傳返嚟嘅消息，話老闆每人派一萬蚊利是，今日出咗通告。呢筆唔係公司嘅稅後盈利，係老闆私人畀，唔使交稅。」 「一日收入都夠今日開支」 恒基集團在港有多家上市公司，規模較大的包括恒基地產、中華煤氣及美麗華酒店，但是次獲大利是的只有恒地員工煤氣發言人表示，並未收到員工可獲萬元利是的通知。恒地最新年報披露，整個集團共有6,800名員工，當中包括煤氣（1,890名）、美麗華酒店（1,477名）、香港小輪（370名）及恒基發展的員工。新郎李家誠現為恒地及恒發副主席，同時亦是美麗華董事總經理及煤氣非執行董事。  千萬元利是相對四叔豐厚身家，何止九牛一毛，昨天他在悉尼出席婚禮時，更用「好少錢啫」來形容今次世紀豪華婚禮的花費。四叔又稱，要埋單才知婚禮使費，並說：「唔好問呢啲小數目啦，做生意好大上落，一日賺千萬至少啦，一日嘅收入都夠今日開支喇！上市公司賺幾十億，一日要賺好多錢㗎，你諗吓，300億一年，成30億一個月，每日要賺一億先夠數。」  被問到每日收入可有一億元？他則笑說：「冇咁多。」但估計李家誠的澳洲婚禮至少以數千萬元計，四叔表示不出奇，並豪氣地說：「但係冇一億囉，濕濕碎啦，唔係咁大負擔啫，包晒婚禮好閒啫。」問他半億元只為婚禮可覺值得？李兆基說：「搵得嚟就使得去，識搵就要識使，唔係搵錢嚟做乜？」 股價升3角　身家多3.37億 其實，四叔近年在股壇大有斬獲，過去兩年炒股勁賺500億元，身家暴漲。昨日恒地股價收市43.7元，升3角，持有11.23億股恒地的四叔，賬面身家單日便增加3.37億元，單是「零頭」已足夠派利是有餘。身家豐厚的他被問到會否分少少給新抱時，他笑着回應：「慢慢嚟啦！」  李兆基昨晚更宴請在場約20名從香港追訪到悉尼的記者吃晚飯，不過記者用餐地方並非是設婚宴的StateTheatre，而是距離約五分鐘車程的一間餐廳，至於菜式則為海鮮和沙律等。 新人檔案 李家誠（Martin） 年齡：35歲	    學歷：加拿大WilfridLaurierUniversity修讀經濟課程    職業：恒基地產副主席，兼任中華煤氣非執行董事及美麗華酒店董事總經理		    家庭成員：父、母（已離婚）、一兄、一姊及兩妹    背景：恒基主席李兆基次子，李父身家逾千億元，在福布斯全球富豪榜中位列第37位		    情史：‧張韻嫦（加拿大讀書時同學、美容髮型屋Private-i老闆）  ‧陳淑儀（曾任職空姐，02年獲李打本於銅鑼灣開設水療按摩中心） 徐子淇（Cathy） 年齡：24歲    學歷：英國UniversityCollegeLondon經濟系一級榮譽學士；去年曾在倫敦經濟學院修畢新聞及傳播學系碩士    職業：14歲被模特兒公司發掘加入娛樂圈，任模特兒及接拍電影，今年5月退出娛樂圈    家庭成員：父、母及一妹    背景：出身小康之家，徐父任大亞灣核電運營管理有限公司首席核數師，徐母開設清潔用品公司，子淇5歲時全家移民澳洲，14歲回流返港    情史：‧洪天明（藝人洪金寶之子）    資料來源：《蘋果》資料室"
20061216-90,20061216,90,建液化天然氣站影響生態,建液化天然氣站影響生態 【本報訊】環保署昨公布，中華電力早前提交有關於大鴉洲興建液化天然氣站的環境影響評估報告符合要求，稍後可展開諮詢公眾。但世界自然基金會香港分會指出，有消息指中國石化正進行可行性研究，於珠海搭建管道輸送液化天然氣至大鴉洲及澳門，憂慮大鴉洲一帶水域生態會進一步受到破壞。 對海床造成破壞 大鴉洲附近是中華白海豚活躍地帶，世界自然基金會香港分會一直反對中電在該處興建液化天然氣站。該會高級環保主任梁士倫昨於記者會表示，近日收到消息，有指中國石化正就於珠海興建液化天然氣站，以及興建海底管道輸送液化天然氣至大鴉洲及澳門進行可行性研究，擔心工程一旦落實，會大幅破壞海床。  中華發言人回應時表示，對中石化是否進行有關可行性研究不知情，中電未有參與計劃。此外，中電已就喜靈洲商用風力發電計劃，向環保署提交環評報告。
20061216-91,20061216,91,星期天休息：香港人需要甚麼樣的城市景觀？ - 陶傑,星期天休息：香港人需要甚麼樣的城市景觀？ - 陶傑 在一片抗議聲中，天星碼頭鐘樓拆掉了。政府拒不讓步，因為明明經過了四年「諮詢」。香港人不是到三天前才知道鐘樓要拆的，如果在三年前開始，每一年的除夕，大家都到天星碼頭來倒數，年年並由長毛表演裸體爬鐘樓，在公共場合非法暴露的罪名含笑被捕，外國傳媒廣為報道，則效果大不相同，鐘樓的命運或可改寫。  現在才抗議，無疑有點太遲了。提議重造鐘樓，或把鐘樓搬遷，都是不成熟的主張。天星碼頭遙對大會堂，當中有一個愛丁堡廣場，旁邊有一個皇后碼頭，鐘樓與鄰近的建築物配襯一體，並不獨立成篇。正如倫敦的白金漢宮，御林大道外有一道圓拱形的「水師提督門」（AdmiraltyArch），連接門外的特拉法加廣場，廣場中央有一條圓柱，柱上的銅像，正是當年特拉法加海戰一役大勝拿破崙的納爾遜將軍。廣場、城門、皇宮內外呼應，拱門的城道甚窄，十九世紀的設計不敷現代車流應用，但無人提出拆城門，為了拓闊馬路，把城門搬到泰晤士河邊讓人仰賞。  天星鐘樓逝者已矣，香港景觀知來者而未可追。關於舊建築和古迹的拆建問題，十多年前筆者早已論述甚勤，指出外國的名城，無一不珍惜舊建築。當時香港的主流意見還是所謂「舊的不去，新的不來」。現在愈來愈多人覺醒了，但十年的「經濟發展」步伐太快，北京舊城已經全毀，長江三峽的古鎮沉在水底，杭州西湖邊蓋了高樓大廈，香港也加入了拆舊的潮流。身為華人，對「中國」的認同愈來愈淡薄，因為這位「母親」不斷拉面皮、隆胸，樣子愈來愈像黃夏蕙，但幸好地球一體化是最新的國際潮流，只要胸襟「國際化」一點，多認同倫敦、巴黎、羅馬，就會領悟世上一切偉大的建築，都是人類共同的財富，這樣就會比執着於一座天星鐘樓更加快樂得多。 中國人沉迷拆毀舊建築，其實是一種常態，尤其改朝換代。項羽攻進咸陽，一座阿房宮就是一把火燒了，滿清入關，倒把一座紫禁城保留，因為順治和康熙到底不是漢人，比起歷代漢人的草寇皇帝，見識高了一線。比起歐美的名城結構，中國缺乏城市規劃的概念，因此才會拆掉全世界城市布局公認最精巧的舊北京。在中文詞彙之中，就是沒有Skyline這個名詞。Skyline是城市建築的大輪廓聳峙天空的那一條形狀獨特的線條，在歐洲，建築經歷了不同時期，歌德式多尖塔，巴洛克式重雕琢，羅馬式多圓頂，Skyline像一道曲譜一樣，如果要更改，必須極為慎重。新的建築輪廓加入，須與舊的融為一體，正如天星鐘樓必須置於維港的藍天之下，背景為九龍的一抹青青的獅子山。  鐘樓既然拆掉了，香港的下一代，如果還有知識分子，就必須引領香港人思考一個問題：香港人到底想要一個甚麼樣的香港？不可以同時沉溺於「搵快錢」的樓股熱炒潮，同時又保留甚麼「集體回憶」，因為前者催生香港的地產主義經濟，而地產經濟之所以成為一種「主義」，就是因為這種經濟的物質意識形態，與一切「城市美學」為敵。地產商是不會跟香港談戀愛的，他們豪門「大婚」，婚禮也只會選擇在外國舉行，坐熱氣球升空，俯瞰青山綠野，而不是維多利亞港大廈林立的「經濟發展成果」。香港只是地產主義者的一頭母牛，人口太多，還不斷有大陸孕婦湧來產子，城市向高空發展，則「舊區」必須不斷拆毀重建。這種生活方式，是香港人自己的選擇。  特區政府聲稱，「在經濟發展和保留古迹之間謀求平衡」；中國的李瑞環都說過，香港不要刮掉紫砂茶壺的茶垢。「平衡」到甚麼程度？鐘樓和殖民地舊建築算不算「茶垢」？不要說李瑞環已經不在其位，任何人下了台，其「最高指示」，大陸人民早就不會當真，只有香港的一些學者還對一名前任的中國領袖一片長情，有點令人感動。建立城市人文意識，如果是二十一世紀香港的重任之一，那麼今日起就要思考，一個很老土的問題，叫做「香港往何處去」？ 天星的鐘樓，尖沙嘴的五支旗杆，凝聚過一代人的眺望和等待，沒有甚麼實用價值，是約會朋友和在世界的邊緣靜觀自在的地方（Aplacetomeetfriendsandwatchtheworldgoby）。「在世界的邊緣靜觀自在」──Aplacetowatchtheworldgoby，這句話很淺白，也很深奧，是淡泊而圓融的心境，正是中國的道家文化追求的生活，舊北京的布局，以及老舍筆下的舊北京人的情趣，就是證明。奇怪的是，中國人本來應該比任何人都懂得舊建築的空間哲學，今天講起舊建築之道，卻似乎言必倫敦、巴黎、羅馬，才有一點點說服力。今天這個所謂「中國」，已變成英國建築家霍斯打（NormanFoster）的學徒的實驗場，發生了甚麼問題？已經令人沒有興趣「探索」了。今年聖誕節，你有沒有計劃去北海道的小樽，在雪地的運河邊瀏覽日俄戰爭前的北歐舊房子，到河邊的倉庫買點沒有孔雀石綠的東洋海鮮？
20061216-92,20061216,92,alwaysonsunday：給河馬刷牙兩個世代的相互詰問之二,alwaysonsunday：給河馬刷牙 兩個世代的相互詰問之二 現實的一代  安德烈，  我注意到，你很不屑於回答我這個問題：「你將來想做什麼」，所以跟我胡謅一通。  是你們這個世代的人，對於未來太自信，所以不屑於像我這一代人年輕時一樣，講究勤勤懇懇，如履薄冰，還是，其實你們對於未來太沒信心，太害怕，所以假裝出一種嘲諷和狂妄的姿態，來閃避我的追問？  我幾乎要相信，你是在假裝瀟灑了。今天的青年人對於未來，瀟灑得起來嗎？法國年輕人在街頭呼喊抗議的鏡頭讓全世界都驚到了：這不是六零年代的青年為浪漫的抽象的革命理想上街吶喊──帶著花環、抱著吉他唱歌，這是二十一世紀的青年為了自己的現實生計在煩惱，在掙扎。你看看聯合國二零零五年的青年失業率數字： 香港十五到二十四歲青年的失業率是9.7%，台灣是10.59%。而數字不見得精確的中國，是9%。你這個年齡的人的失業率，遠遠超過平均的失業率。巴黎有些區，青年人有百分之四十出了校門找不到工作。  然後，如果把青年自殺率也一併考慮進來，恐怕天下作父母的都要坐立難安了。自殺，已經是美國十五到二十四歲青年人的死因第一位。在台灣，也逐漸升高，是意外事故之後第二死因。世界衛生組織的數據說，全世界有三分之一的國家，青年是最高的自殺群。芬蘭、愛爾蘭、紐西蘭三個先進國家，青年自殺率是全球前三名。  你刻意閃避我的問題，是因為…二十一歲的你，還在讀大學的你，也感受到現實的壓力了嗎？ 「灰姑娘」的一代 我們二十歲的時候，七十年代，正是大多數國家經濟要起飛的時候。兩腳站在狹窄的泥土上，眼睛卻望向開闊的天空，覺得未來天大地大，什麼都可能。後來也真的是，魔術一般，眼睜睜看著貧農的兒子作了總統；漁民的女兒，成了名醫；麵攤小販的兒子，做了國際律師；碼頭工人的女兒，變成大學教授；蕉農的兒子，變成領先全球的高科技企業家。並非沒有人顛沛失意，但我們真的是「灰姑娘」的一代人啊，安德烈，在我們的時代裡，我們親眼目睹南瓜變成金色的馬車，轔轔開走，發出真實的聲音。  我身邊的朋友們，不少人是教授、議員、作家、總編輯、律師醫師、企業家科學家出版家，在社會上看起來彷彿頭角崢嶸，虎虎生風。可是，很多人在內心深處其實都藏著一小片泥土和部落──我們土裡土氣的、卑微樸素的原鄉。表面上也許張牙舞爪，心裡其實深深呵護著一個青澀而脆弱的起點。  如果有一天，我們這些所謂「社會菁英」同時請出我們的父母去國家劇院看戲，在水晶燈下、紅地毯上被我們緊緊牽著手蹣跚行走的，會有一大片都是年老的蕉農、攤販、漁民、工人的臉孔──那是備經艱苦和辛酸的極其樸拙的臉孔。他們或者羞怯侷促，或者突然說話，聲音大得使人側目，和身邊那優游從容、洞悉世事的中年兒女，是兩個階級、兩個世界的人。 提摩 你的二十歲，落在二十一世紀初。今天美國的青年，要換第四個工作之後，才能找到勉強志趣相符的工作。在「解放」後的東歐，在前蘇聯地區的大大小小共和國，青年人走投無路。在先進的西歐，青年人擔心自己的工作機會，都外流到了印度和中國。從我的二十歲到你的二十歲，安德烈，人類的自殺率升高了百分之六十。  於是我想到提摩。  你記得提摩吧？他從小愛畫畫，在氣氛自由、不講究競爭和排名的德國教育系統裡，他一會兒學做外語翻譯，一會兒學做鎖匠，一會兒學作木工。畢業後找不到工作，一年過去了，兩年過去了，三年又過去了，現在，應該是多少年了？我也不記得，但是，當年他失業時只有十八歲，今年他四十一歲了，仍舊失業，所以和母親住在一起。沒事的時候，坐在臨街的窗口，提摩畫長頸鹿。長頸鹿的脖子從巴士頂伸出來。長頸鹿穿過飛機場。長頸鹿走進了一個正在放映電影的戲院。長頸鹿睜著睫毛長長的大眼，盯著一個小孩騎三輪車。長頸鹿在咀嚼，咀嚼，慢慢咀嚼。  因為沒有工作，所以也沒有結婚。所以也沒有小孩。提摩自己還過著小孩的生活。可是，他的母親已經快八十歲了。  我擔不擔心我的安德烈──將來變成提摩？  老實說…是的，我也擔心。 不是「孩子」，是「別人」 我記得我們那晚在陽台上的談話。  那是多麼美麗的一個夜晚，安德烈。多年以後，在我已經很老的時候，如果記憶還沒有徹底離開我，我會記得這樣的夜晚。無星無月，海面一片沈沈漆黑。可是海浪撲岸的聲音，在黑暗裡隨著風襲來，一陣一陣的。獵獵的風，撩著玉蘭的闊葉，嘩嘩作響。在清晨三點的時候，一隻蟋蟀，天地間就那麼一隻孤獨的蟋蟀，開始幽幽地唱起來。  你說，「媽，你要清楚接受一個事實，就是，你有一個極其平庸的兒子。」  你坐在陽台的椅子裡，背對著大海。清晨三點，你點起煙。  中國的朋友看見你在我面前點煙，會用一種不可置信的眼光望向我，意思是──他他他，怎麼會在母親面前抽煙？你你你，又怎麼會容許兒子在你面前抽煙？  我認真地想過這問題。  我不喜歡人家抽煙，因為我不喜歡煙的氣味。我更不喜歡我的兒子抽煙，因為抽煙可能給他帶來致命的肺癌。  可是，我的兒子二十一歲了，是一個獨立自主的成人。是成人，就得為他自己的行為負責，也為他自己的錯誤承擔後果。一旦接受了這個邏輯，他決定抽煙，我要如何「不准許」呢？我有什麼權力或權威來約束他呢？我只能說，你得尊重共處一室的人，所以請你不在室內抽煙。好，他就不在室內抽煙。其他，我還有什麼管控能力？  我看著你點煙，翹起腿，抽煙，吐出一團青霧；我恨不得把煙從你嘴裡拔出來，丟向大海。可是，我發現我在心裡對自己說，MM請記住，你面前坐著一個成人，你就得對他像對待天下所有其他成人一樣。你不會把你朋友或一個陌生人嘴裡的煙拔走，你就不能把安德烈嘴裡的煙拔走。他早已不是你的「孩子」，他是一個個人。他就是一個「別人」。  我心裡默念了三遍。  安德烈，青年成長是件不容易的事，大家都知道；但是，要抱著你、奶著你、護著你長大的母親學會「放手」，把你當某個程度的「別人」，可也他媽的不容易啊。 靈魂清醒 「你哪裡『平庸』了？」我說，「『平庸』是什麼意思？」  「我覺得我將來的事業一定比不上你，也比不上爸爸──你們兩都有博士學位。」  我看着你…是的，安德烈，我有點驚訝。  「我幾乎可以確定我不太可能有爸爸的成就，更不可能有你的成就。我可能會變成一個很普通的人，有很普通的學歷，很普通的職業，不太有錢，也沒有名。一個最最平庸的人。」  你捻熄了煙，在那無星無月只有海浪聲的陽台上，突然安靜下來。  然後你說，「你會失望嗎？」  海浪的聲音混在風裡，有點分不清哪個是浪，哪個是風。一架飛機悶著的嗡嗡聲從雲裡傳來，不知飛往哪裡。蟋蟀好像也睡了。你的語音輕輕的。這樣的凌晨和黑夜，是靈魂特別清醒的時候，還沒換上白天的各種偽裝。 給河馬刷牙 我忘了跟你怎麼說的──很文藝腔地說我不會失望，說不管你做什麼我都高興因為我愛你？或者很不以為然地跟你爭辯「平庸」的哲學？或者很認真地試圖說服你你並不平庸只是還沒有找到真正的自己？  我不記得了，也許那晚葡萄酒也喝多了。但是，我可以現在告訴你，如果你「平庸」，我是否「失望」。  對我最重要的，安德烈，不是你有否成就，而是你是否快樂。而在現代的生活架構裡，什麼樣的工作比較可能給你快樂？第一，它給你意義；第二，它給你時間。你的工作是你覺得有意義的，你的工作不綁架你使你成為工作的俘虜，容許你去充分體驗生活，你就比較可能是快樂的。至於金錢和名聲，哪裡是快樂的核心元素呢？假定說，橫在你眼前的選擇是到華爾街做銀行經理或者到動物園做照顧獅子河馬的管理員，而你是一個喜歡動物研究的人，我就完全不認為銀行經理比較有成就，或者獅子河馬的管理員「平庸」。每天為錢的數字起伏而緊張而鬥爭，很可能不如每天給大象洗澡，給河馬刷牙。  當你的工作在你心目中有意義，你就有成就感。當你的工作給你時間，不剝奪你的生活，你就有尊嚴。成就感和尊嚴，給你快樂。  我怕你變成畫長頸鹿的提摩，不是因為他沒錢沒名，而是因為他找不到意義。我也要求你讀書用功，不是因為我要你跟別人比成就，而是因為，我希望你將來會擁有選擇的權利，選擇有意義、有時間的工作，而不是被迫謀生。  如果我們不是在跟別人比名比利，而只是在為自己找心靈安適之所在，那麼連「平庸」這個詞都不太有意義了。「平庸」是跟別人比，心靈的安適是跟自己比。我們最終極的負責對象，安德烈，千山萬水走到最後，還是「自己」二字。因此，你當然更沒有理由去跟你的上一代比，或者為了符合上一代對你的想像而活。  同樣的，抽煙不抽煙，你也得對自己去解釋吧。  MM  安德烈和MM歡迎讀者來信：  安德烈：andi_walther@yahoo.de（英文/德文）  　　MM:ytlung@gmail.com
20061216-93,20061216,93,兩周18宗手足口病個案,兩周18宗手足口病個案 【本報訊】踏入冬季，多種病毒開始活躍。衞生防護中心在過去兩周，共接獲18宗在院舍爆發的手足口病個案，65人受影響，相對之前8周平均每周只有六宗爆發，近期爆發個案明顯增加。該中心表示，手足口病主要影響小童，呼籲家長及院舍負責人留意。  該中心發言人表示，自本月1日起兩周內，共接獲18宗在院舍手足口病爆發個案，過去兩周每一千名向私家醫生求診的病人中，有一名患手足口病，較之前數周不足一人多；政府診所及幼兒中心錄得的手足口病個案亦增加。  另外，中心正調查一宗蠅蛆病感染的個案，患者為一名居於跑馬地的68歲女子，12月11日因意外跌倒而入住律敦治及鄧肇堅醫院，其右邊乳房傷口發現蠅蛆幼蟲。患者近期沒有外遊，仍住院，情況穩定。
20061216-94,20061216,94,屯門聽到鬼電台冇DJ開咪　全日狂播《一水隔天涯》,屯門聽到鬼電台 冇DJ開咪　全日狂播《一水隔天涯》 「妹愛哥情重，哥愛妹風姿，為了心頭願，連理結雙枝，只是一水隔天涯，不知相會在何時……」屯門、元朗及天水圍區居民近日收聽電台節目調校到FM100.9頻道發現詭異事，這頻道原屬香港電台普通話台，但近日獨沽一味不停播放《一水隔天涯》，大氣電波傳來幽怨的女聲令人不寒而慄。 家住屯門的網友sk7777在網上詢問街坊有否察覺近日聽收音機有怪事，「聽到有啲驚，有冇人知道點解成日都播住《一水隔天涯》？」網友mymldy即時轉台，果然發現有古怪，「係喎，啱啱聽過，真係勁播《一水隔天涯》，播完又播，真係幾恐怖。」  小婕說據日日聽收音機的老父講，這情況已持續一星期；ccm79口震震稱，「我踏正半夜12點聽仲驚，個背脊好寒。」  有人說深圳也有聽眾表示有異常，因此「黐線」接收了內地電台廣播可能性不大，而且內地電台也不會整日重複播放一首歌。sk7777估計有人以強力發射器廣播。 港台：FM100.9只覆蓋港島 港台發言人稱FM100.9只覆蓋港島跑馬地、銅鑼灣及灣仔區，新界西聽眾應不能在此頻道接聽該台節目，工程人員調查後並無發現有故障，事件原因不明。據《電訊條例》，未領牌廣播可被罰款五萬元。
20061216-95,20061216,95,世謬中心 - 尊子,世謬中心 - 尊子
20061216-96,20061216,96,討論區精華：「焚化爐煙味都係集體回憶」,討論區精華：「焚化爐煙味都係集體回憶」 有近50年歷史的天星碼頭鐘樓保衞戰愈來愈激烈，港人懷舊潮迅速傳播，其他有幾十年歷史的建築也忽然矜貴起來。 諷刺有人盲目懷舊 高登討論區竟然有人發起保留西環堅尼地城焚化爐，聲稱焚化爐運作時噴出的黑煙氣味能喚起集體回憶，令人啼笑皆非。  西環焚化爐約於1965年落成啓用，至今有近40年歷史，由於焚化爐運作時釋出二噁英，於93年停用，將於明年清拆，原址將發展商住物業，市場估計地皮價值以百億元計。  焚化爐屬厭惡性設施，上述網友可能只是諷刺一些人盲目懷舊，但也可勾起一些懷舊情懷。自小住在堅尼地城的小彭在網誌「彭叔公園」稱，「每天放學看着焚化爐兩支大煙囪噴出的陣陣毒煙飄散，看着遠洋輪船駛過，就可以呆一個下午。」  一些攝影發燒友原來也愛到焚化爐獵影，「有幾十年歷史的西環焚化爐及屠房預計明年清拆，大家要影就快手了。」
20061216-97,20061216,97,李八方隔牆有耳：,李八方隔牆有耳： 爆料熱線：29290000、27860099  報料傳真：23703283  報料電郵：adnews@appledaily.com
20061216-98,20061216,98,　　馬迷千萬元人情賀四叔 - 李八方,　　馬迷千萬元人情賀四叔 - 李八方 有理由相信，「好好彩」做咗李太嘅徐子淇，已經直接同間接咁破壞咗社會嘅和諧氣氛。首先，好多本來蜜運中嘅癡男怨女，睇完呢單新聞之後，都開始抱怨自己點解咁唔好彩；其次，由於唔係所有恒基集團嘅手足都有一萬蚊大利是，難免有人心生嫉妒，覺得世界唔公平；其三，好多馬迷噚日都為咗徐子淇而作出咗錯誤嘅投注，總共輸咗成千萬銀，傷盡fans嘅心。  噚日八方喺茶餐廳食早餐，周圍嘅茶客都講緊徐子淇下嫁恒基太子李家誠單嘢，啲人似乎關心個豪門婚禮多過壽終正寢嘅舊天星鐘樓。以下係其中一對男女嘅對話，女方話：「如果我識到李家誠就好囉，有幾億禮金。」男方答：「如果我係李家誠就好囉，可以娶到徐子淇。」女方即刻變咗黑臉琵鷺，非常嬲怒。  咁究竟街坊街里最想做李家誠定係徐子淇呢？原來兩個都唔係，而係恒地嘅員工，皆因大老闆四叔李兆基已經宣布派利是，一人一萬。年尾流流，失驚無神有人塞成皮嘢落你個袋度，真係恨死普天下嘅打工仔。 愛駒「幸運鑽石」跑尾二 恒地員工大約有一千人，四叔大拿拿私人醒成千萬出來，同下屬分享迎娶新抱嘅快樂，不過就唔係所有恒基集團嘅人都感受到佢老人家嘅愉快心情；煤氣、美麗華同香港小輪嘅員工都冇份，就連恒地租務部嘅職員，噚日都向八方投訴，話佢哋並無收到利是。  都話咗幸福唔係必然㗎喇！好似四叔隻愛駒「幸運鑽石」咁，噚日喺沙田出賽，普羅馬迷見到報紙頭條嘅徐子淇，成身幸運鑽石咁應景，諗住四叔今次一定會去馬，以賀新婚，個個都追捧「幸運鑽石」，成為2.1倍大熱門，獨贏位置連贏成千萬銀買喺佢身上。  點知「幸運鑽石」跑尾二過終點，馬迷嘅賭注全部化為四叔嘅人情賀禮，隻馬賽後仲被獸醫驗出氣管有好多血。「幸運鑽石」係由李兆基、鄭裕彤同明嘉福合夥買入嘅，賽後明嘉福話，隻馬跑得咁肉酸，累馬迷輸錢有啲唔開心。  至於明嘉福自己有份嘅團體馬「海中寶」就跑第二，佢仲買中「世紀巨星」搭「海中寶」呢條三百幾倍嘅大冷Q，未至於空手離場。
20061216-99,20061216,99,網絡百寶箱：牙膏塗鼻可清除黑頭,網絡百寶箱：牙膏塗鼻可清除黑頭 聖誕、新年轉眼又到，俊男美女穿上戰衣出席派對，萬一鼻頭出現一粒粒狀似芝麻的黑頭，想必大殺風景。香港討論區網友「冰極之人」建議大家用牙膏和BB油鏟除黑頭粉刺。  方法一，是將白色牙膏塗在鼻上，待冰涼感覺消失後，便用清水沖洗，黑頭頓時消失，對付暗瘡效果同樣顯著。惟網友稱，每星期只可使用一次，避免過份刺激皮膚。  方法二，是用babyoil塗在黑頭重災區，輕輕打圈5分鐘，再用清水洗淨及抹亁，黑頭便會跟你說再見！  皮膚科醫生史泰祖表示，理論上牙膏去除黑頭的方法可行，因為牙膏本身有清潔、去油及殺菌作用，可以清除毛孔污垢。至於用babyoil，他則不敢苟同，原因是油份太高，反而容易堵塞毛孔，甚至爆發暗瘡。Dr.史強調，市面上有很多廉價而又效用甚佳的黑頭專用洗臉液，只要每天用一至兩次，便可清除黑頭，毋須使用這些另類方法。
20061216-100,20061216,100,台灣世紀審訊　扁嫂暈倒法官：下次開庭可帶病床,台灣世紀審訊　扁嫂暈倒 法官：下次開庭可帶病床 台灣總統陳水扁夫婦涉嫌共同犯罪的國務機要費貪污案，昨日首次在台北地方法院開庭，總統夫人吳淑珍出庭應訊，拒絕認罪，但在法庭休息期間突然暈倒，須送往醫院救治。民進黨立委隨即大打悲情牌，為第一夫人抱屈，炮轟法官沒人性。台灣這場世紀大審訊會否因此中斷？法官表示，下周五再開庭時將做出裁定，而吳淑珍可帶病床上庭。 昨晨9時30分，是台灣司法史上值得驕傲的一刻，台北地方法院首次開庭聆訊國務機要費案，法庭內的公眾席和轉播審訊實況的禮堂，座無虛席。當局在法院門外部署300多名警力，法院內則由法警及國安局特勤人員負責保安。吳淑珍在層層戒備下，提前到達法院，成為台灣歷史上首位以被告身份出庭的總統夫人。 意識清醒　手抱護士肩膀 審判長蔡守訓首先關切吳淑珍身體狀況，吳回答：「還可以。」蔡又表示：「請吳淑珍如有任何身體不適，可以隨時提出來。」  在檢察官張熙懷宣讀被告四項犯罪事實後，蔡守訓逐一詢問四名被告是否認罪，自然是沒人認罪。陳水扁夫婦涉嫌貪污1480萬元新台幣（約352萬港元），檢察官決定起訴吳淑珍和總統府三名官員，而陳水扁因享有總統刑事豁免權，將留待他卸任後再追訴。  控辯雙方隨即就司法程序展開舌戰，至11時，蔡守訓宣布休庭10分鐘，吳淑珍被送到隔鄰的第八法庭休息時，突然暈倒。一名護士上前抱起吳淑珍，衝下樓，送上救護車，立刻往台大醫院急救。不過，電視畫面顯示，吳淑珍被抱下樓時，雙手仍能主動環住護士肩膀，證明她意識仍清楚。 國務機要費案下周五再審 法庭隨後繼續開庭，醫生陳世英表示，吳淑珍的血壓低至50，心跳每分鐘也只有48下，體溫為36℃，可能是坐在輪椅上太久，血液滯留，才會暈倒。吳淑珍送院吊鹽水後，血壓、體溫已逐漸恢復。  吳淑珍暈倒時，陳水扁正會見外賓，見到隨從遞上的字條，他臉色一沉，但隨即表示等行程結束再說。至中午12時左右，陳水扁才趕到醫院探望，而吳淑珍的子女、媳婦，已早一步趕到。  庭訊其後繼續舉行時，蔡守訓四度詢問辯方律師團，確認吳淑珍將住院觀察，不適合出庭後，宣布將庭訊延期至22日（下周五）再度開庭。  本報記者
20061216-101,20061216,101,粵1.2萬化工廠威脅水源,"粵1.2萬化工廠威脅水源 廣東省污染問題依然嚴峻。廣東省1.83萬家石油化工企業當中，有七成（即逾1.2萬家）均在珠三角地區沿江（珠江和北江）而建，對市民飲用水源的安全構成嚴重威脅，會否影響對香港的供水，仍有待關注。  廣東省環保局對全省工業進行環境安全調查發現，大批沿江而建的石油企業均威脅水源，並有6,000家企業每年排放危險廢物逾100噸、放射源1.5萬枚，如果管理不善，將嚴重影響環境安全。 環境部門應急能力不足 廣東今年上半年發生23宗環境污染事故，但環境安全形勢仍然嚴峻。省政府對突發環境事件的預警和應急能力，仍嚴重不足。  廣東省110個環境監測站普遍缺乏快速的現場監測儀器，以及應急採集樣本的安全防護設施。去年北江事故應急初期，所有樣本運回廣州檢測，來回耗時最少四個小時。而去年底中國第三大鉛鋅生產企業韶關冶煉廠超標排放含鎘廢水，引起北江韶關段江水鎘濃度嚴重超標，該廠現仍在停產整頓中，但至今已投資8,000多萬元人民幣進行整治。  中新社/本報記者"
20061216-102,20061216,102,馬英九照鏡慨歎老了,馬英九照鏡慨歎老了 即將卸任台北市長的馬英九，談起過去八年的市長生涯，亦不得不認老：「有空時攬鏡自照，天哪，我怎麼老這麼多。」他又說，自己當國民黨主席以來，「要沾鍋（應酬），禍福難卜」。  馬英九在本月25日卸任台北市長，交棒給郝龍斌後，將專任黨主席。他昨日會見傳媒時表白，自己當黨主席一年多來，黨務價值與他過去的觀念不同，讓他很不習慣，是既陌生又熟悉，挑戰比市府還大。  外表英俊的小馬哥，一直廣受民眾歡迎，1998年擊敗陳水扁，當選台北市長，2002年成功連任。今年已56歲的馬英九大談任內感受，令在場記者落淚，亦有女記者要跟他「抱抱」。當天他又邀請兩位前市長許水德和吳伯雄，參訪他八年政績，許提到只有當過台北市長的人才能選總統時，馬則回應：「世事難料，像發生特別費這樣的事；自己的清白遠比選不選總統更加重要。」 宋楚瑜重出江湖 此外，因敗選台北市長而高調宣布退出政壇的親民黨主席宋楚瑜，一個多星期後竟重出江湖，將掌管親民黨與無黨聯盟組成的智庫，籌組藍綠以外的第三勢力。  本報記者
20061216-103,20061216,103,打工仔新玩意上網計出年終花紅,"打工仔新玩意 上網計出年終花紅 年近歲尾，一眾打工仔都想知道今年有多少花紅或年終獎金，「年終獎計算器」因此熱爆內地網絡。使用者只要把自己所從事的行業、職位、工作地區及月薪等輸入，便可「預知」今年所獲得的年終獎金，分分鐘會有驚喜。不過，專家提醒，這種計算器只是一種遊戲，不可信以為真。 「年終獎計算器」由內地網站阿里巴巴製作，網頁上有「2006年，你能拿多少？」及「年終獎計算器」等字眼。使用者按照提示，選擇「所從事的行業」、「職位」、「工作地區」、「月薪」等，便會得出花紅或年終獎金是多少。由於「工作地區」一欄中，可選擇內地31個省市和香港、澳門或海外，因此世界各地的人都可計算自己的花紅或年終獎金。而據該網頁的說明顯示，藍領的年終獎在2,000元以下；灰領在2,000至5,000元之間；白領的在5,000至10,000元間，使用者可透過這個分類得知自己的職業階層。 專家：遊戲不能當真 記者按步驟親身試驗，選擇行業為「酒店旅遊」，職位為「員工」、工作地點為「上海」、月薪為「2,000」，結果得出年終獎金為「7,200元」。而據記者多次試驗後發現，若選擇北京、上海、廣東等較繁華的城市或省分作為工作地區，年終獎金則較多，如以月薪３,200元的金融保險業主管為例，河南的只有7,128元，而廣東的則有23,760元，是前者的三倍。  雖然大部份網友都抱着遊戲的態度來看待這種年終獎計算器，但也有不少網友認為測算方法有一定的科學性，更有網友打算建議公司用計算器給出的資料作為員工年終獎的參考值。  有社會學專家認為，年終獎計算器受歡迎，是因為部份員工對現實生活中的年終獎期望過高，且不滿意自己的收入，因此對網上這種虛擬的計算方法感到好奇，這樣算出來的資料沒有科學性，只是一種遊戲，不值得參考。而網絡業人士則認為，這種計算器其實是網站的設計者抓住年終獎成為焦點的時機吸引網友，增加點擊率以獲利。  本報記者/大連《新商報》 年終獎計算器輸入例子 ‧選擇行業：貿易  ‧選擇職位：員工  ‧選擇工作地區：香港  ‧輸入月薪：一萬元  ‧顯示年終獎金：7.2萬元  資料來源：年終獎計算器  網址： http://promotion.china.alibaba.com/yaward/step_1.html "
20061216-104,20061216,104,北京飛深圳中途毒發男子吃河豚累飛機急降,北京飛深圳中途毒發 男子吃河豚累飛機急降 北京男子袁先生周三（13日）傍晚，乘國航由北京飛往深圳，在飛機飛臨湖北上空時，突然呼吸困難，生命懸於一線下，飛機緊急降落武漢天河機場。經當地醫護人員搶救，發現他因吃河豚導致中毒。而國航則稱，事故導致公司至少損失10萬元人民幣。  現年44歲的袁先生稱，周二晚曾食用過河豚，雖然事後出現口腔麻木、呼吸不暢等症狀，但因急於出差，決定周三南下深圳。當日傍晚，航班飛臨湖北空域時，飛機發生輕微顛簸，他突然感覺呼吸困難，在情況危急下，航機緊急降落武漢天河機場。  河豚的毒素可以造成人體呼吸中樞受損，甚至引起呼吸麻痹而導致死亡，因此食用時必須謹慎。  湖北《長江商報》
20061216-105,20061216,105,致癌製品供應燒烤檔廣州肉腸廠被扣10噸貨,"致癌製品供應燒烤檔 廣州肉腸廠被扣10噸貨 廣州市近日發現街邊燒烤攤販所出售的肉腸未經檢疫，部份所含的致癌物質嚴重超標10倍後，工商部門會同質監局執法人員，前日對生產肉腸廠家及批發點展開突擊檢查行動，當場撿獲10餘噸「問題」肉製品，當局已將部份肉腸送檢，以證實是否含強烈致癌的食物防腐劑「亞硝酸鹽。」  被查處的「大華食品加工場」與「廣利肉丸店」為同一老闆經營，形成了「產銷一條龍」。其加工場面積約1,000平方米，分為加工製作區與冷凍區。裏面污水橫流，除大量製造肉腸外，還生產牛肉丸、豬肉丸、香菇貢丸等10多個品種。當局即時將10餘噸問題肉製品查封。  金羊網"
20061216-106,20061216,106,北京麥當勞變流浪者之家,北京麥當勞變流浪者之家 「我第一次進麥當勞就發現這裏很溫暖，適合睡覺，同時還能揀點剩的吃，挺方便的。」北京部份麥當勞餐廳實行24小時營業，不僅方便了晚上用餐的顧客，同時也成為「流浪者之家」。一些分店晚上有10多名流浪者在餐廳內睡覺，有人更稱在店內已睡了兩個月，餓了就吃顧客剩下的食物。麥當勞職員表示，試過提醒這些流浪者離開，但不成功，目前仍沒有管理方法。 餓了吃顧客剩下食物 據悉，夜宿麥當勞的流浪者中，多是外來民工，他們在北京沒有找到工作，沒錢住旅店，晚上就到通宵營業的麥當勞睡覺。另有一些年輕女郎不想回家，也到麥當勞過夜。他們多在晚上11時後進店，翌日上午九時前離開。  現場所見，前晚11時後，陸續到雙榆樹的麥當勞餐廳睡覺的多達15人。他們到店內不買食物，各自找到座位就閉目睡覺。有的趴在桌子上睡，有的靠着牆睡，有的更橫躺在長座位上睡覺。 比住救助站舒服自由 有人深夜醒來時，就找顧客吃剩的薯條或喝剩的可樂充飢，吃飽了再睡。到上午八時多，在店內睡覺的人開始「起床」，有人在洗手間梳洗一番才離開。其中兩名中年男子稱，他們由外地到北京打工，但兩個多月仍未找到合適工作，每晚都在店內睡覺。  至於為何不去救助站，這些流浪者表示，雖然救助站有吃的睡的，但沒麥當勞舒服、自由。  《北京晨報》
20061216-107,20061216,107,靚空姐變身空巴機師,靚空姐變身空巴機師 「男生能做的，我也能做！」四川成都22歲美女王志千憑這種志氣，接受兩年的艱苦訓練，從空中小姐搖身一變成為成都首位女機師。  王志千2000年在海南大學藝術學院舞蹈系畢業後，成為四川航空空姐。但她對飛機駕駛艙充滿好奇，經常利用業餘時間學習飛機知識。2004年，川航招聘機師，王志千毅然報考並被選中，其後赴美學習飛行一年。而美國移民局簽證官曾因不信貌美的她學習飛行一度拒發簽證。  在美國，王志千克服了重重的困難，尤其是語言，終考取私人及商用飛行執照，隨後到中國民航飛行學院用半年時間考取國內飛行執照，又花了兩個多月時間改飛空中巴士，然後跟機100小時，成為首位拿到空中巴士飛行執照的女機師。今年6月，王志千回到川航工作，穿上制服的那天，她也忍不住誇讚自己「我真帥！」  《成都晚報》
20061216-108,20061216,108,兩岸快線：烏魯木齊醫院爆炸2傷,兩岸快線：烏魯木齊醫院爆炸2傷 新疆烏魯木齊市河南路的烏魯木齊第一人民醫院兒童醫院，昨日下午3時許，其分院門口發生一宗爆炸事件。市公安局稱，爆炸中兩人被炸碎的玻璃劃傷，暫沒人死亡。當局初步認定這是人為事件，正調查爆炸原因。  新華社
20061216-109,20061216,109,深圳奢侈品展門票跌價,"深圳奢侈品展門票跌價 內地奢侈成風，各地的奢侈品展亦乘時而起。今天對外開放的深圳奢侈品展，展出的遊艇、名車、豪宅等總值逾五億元（人民幣．下同），但一張150元正價門票，在會場外50元便有交易，還爆出有人為提高入場人數而供應大量廉價票。而同期舉行的廣州首屆奢侈品展，亦被市民譏諷展品不夠豪。 廣州展品被轟不夠豪 「這些車通街都看得到！」年薪20萬元的廣州市民高先生，前日參觀廣州首屆奢侈品展覽，看見一、二百萬元的平治、奧廸車，感到相當失望。  廣州首屆奢侈品展前日開幕，但展前揚言會出現的全球首輛價值3,000萬元的加長版防彈「幻影」勞斯萊斯，卻未見蹤影，取而代之的是550萬元勞斯萊斯。另外，限量版的世爵跑車等亦通通欠奉，令車迷失望。  展廳中唯一私人飛機──BAW-2U雙座輕型運動飛機，同樣雷聲大雨點小。近百名市民爭相鑽進駕駛座參觀，但一聽售價才218萬元，都大呼「好便宜」。而全場最貴的展品，只有「中國梵高」劉令華價值1,200萬元的油畫《歲月》。  本報記者"
20061216-110,20061216,110,兩岸快線：美控華裔工程師竊軍情,兩岸快線：美控華裔工程師竊軍情 北京出生的華裔工程師孟曉東（譯音），昨被美國北加州檢察院起訴，指他在2003年至2004年期間，自其前僱主Quantum3D公司偷取與軍事應用相關的商業機密，企圖將其出售給中國、馬來西亞和泰國等國的空軍。孟被控36項控罪，最高刑罰為監禁15年。  法新社/美聯社
20061216-111,20061216,111,兩岸快線：女記者涉勒索台灣首富,"兩岸快線：女記者涉勒索台灣首富 台灣《壹週刊》前女記者臧家宜（32歲），與男友涉嫌恐嚇勒索台灣首富、鴻海集團董事長郭台銘3,200萬元新台幣（約港幣780萬），昨日警方依恐嚇取財罪嫌移送法辦。臧以出書為由，揚言踢爆鴻海集團逃漏稅等醜聞而進行勒索。她於前日被捕，即日晚已被台灣《壹週刊》開除。  台灣《蘋果日報》"
20061216-112,20061216,112,貪官錄影：功不抵過的科研精英,貪官錄影：功不抵過的科研精英 與改革功臣、原安徽省委副書記王昭耀在法庭上坦白認罪相比，近期被送上被告席的科研功臣，包括中國「太陽能之父」、清華大學教授薛祖慶，「神舟五號」功臣、中國運載火箭技術科學研究院前院長厲建中等，少了轟動傳媒的艷聞，但期望以功抵罪、減罪的種種表現，卻是異曲同工。 清華求情信指有大貢獻 薛祖慶被指控涉嫌將100萬元人民幣公款存入個人戶口，再借給他姊姊買樓，直至他離職時也未交出，後來被追查時才歸還這筆錢。薛祖慶上月在海淀區法院受審時有兩段精采的辯護詞。他說：「我在董事會上已彙報了這筆錢，覺得大家已知道，放誰的手裏也無所謂。」他又說：「如果說公家有兩張50的，我換成一張100的就是犯罪，那我認罪。」 自辯是專才盼寬大處理 辯護律師也強調：「他（薛祖慶）只是出於簡單的想法，把兩個100萬互換，沒有挪用公款的故意。」而清華大學給法庭的求情信則指出，薛祖慶曾做出巨大貢獻、並且公款已全部退還，另外其年事已高（69歲）、身體不好，希望在法律允許的範圍內對其從寬處理。  薛祖慶的案件尚未判決，而在法庭上痛哭流涕的航天功臣厲建中已被一審判處無期徒刑。他被指控貪污、受賄、挪用公款上億元，在庭審時哭求，自己是有專業的人，還可以為國家做出貢獻，希望能夠得到寬大處理。  厲建中的犯案無非是才子愛財，沒有出人意表之處，倒是向厲行賄、最終將他拉下馬的北京銀事達諮詢有限公司原總經理潘順寶，有些為人樂道的故事。潘順寶原名沈俊林，20年前因涉詐騙被捕，越獄後更名易姓，輾轉廣東、海南、北京等地經商，向厲建中接了1.6億元，其中不少錢用於捧紅同居的歌手謝雨欣，替她拍MV、拍電視劇，一齣《將愛情進行到底》紅遍大江南北。在潘被判入獄20年後，謝現正撰寫自傳式小說，相信可以再紅火一把。  李岷
20061216-113,20061216,113,離譜！女生偷看功課被打死,離譜！ 女生偷看功課被打死 福建莆田市田頭小學二年女生鄭少娟（九歲），因在課室偷看同學的功課，被女老師梁麗玉發現，鄭不願被罰站，遭梁用掃把木棍狂打屁股、背、肩膀和頭部，最後打在頭部的一擊，連木棍也打斷，最終導致鄭重傷並失救致死。  12月4日上午，鄭少娟在數學課被梁老師毒打後，只叫同學幫她擦掉血迹，中午回家也不敢告訴家人，到下午上語文課時在課室門口暈倒，但林姓語文老師並沒有及時將她送院急救而是將她送回家，當醫生接報趕到時，鄭已死亡。  《新京報》
20061216-114,20061216,114,超豪坐月日費9880滬五星級醫院多港人光顧,"超豪坐月日費9880 滬五星級醫院多港人光顧 風水輪流轉。內地孕婦愛來港產子，但上海一家號稱全國首家五星級的坐月醫院，卻吸引大批港人光顧。醫院猶如度假村，高爾夫球場、網球場、溫水泳池等設施一應俱備，而最豪華的總統套房，住一天盛惠9,880元（人民幣．下同），是全國最貴。有內地網民揶揄：「肯定有市場，那麼多高官的情人總有個要生的吧！」 內地產婦坐月愈來愈講求排場，開在普陀區的一家坐月醫院媲美度假村，有齊休憩花園、各式運動場，甚至瑜伽教室等設施，普通房每月收費也要四至五萬元。坐月婦女當然不會去做運動，但前來探望的親友則可以順道玩樂一番。  據上海《青年報》報道，雖然醫院到聖誕節才開業，但普通房的預定率已超過五成，院方負責人稱，客人多是在上海居住的港澳台人士，查詢者亦以月入一萬元以上白領居多。 養生餐飲瘦身樣樣齊 醫院對客人母子都照顧周到，除了有剖腹產子後的特別傷口護理外，安排養生餐飲，又考慮到女人要靚，提供產後瘦身服務，還有教嬰兒游泳的課程。  院內每日收費近萬元的總統套房，分上下兩層，除了主卧室和客廳，還配備廚房、傭人房和卡拉OK房。院方認為價格合理，但就說暫無人問津，為怕嚇走顧客，一般都不會推薦。不少市民認為，「總統房太奢侈了」；「花5,000元已可請到很好的月嫂」。  上海現時坐月醫院為數不多，但價格不菲，最少要月花兩至三萬元，有市場人士認為，明年金豬年將出現生仔潮，上海嬰兒的出生數目可能比往年高出兩三萬，醫院供不應求，收費可能更高。  本報記者"
20061216-115,20061216,115,恐怖！愛滋小偷拿血針拒捕,恐怖！ 愛滋小偷拿血針拒捕 一名染上愛滋病的廣西男子，日前在福建泉州豐澤廣場扒竊時被當場抓獲。不過，小偷竟拿出帶血針筒和染有愛滋病的醫生證明圖脫身。治安員大為緊張，將其交由公安處理，其後證實該名小偷確是一名愛滋病人。  被捕的愛滋小偷姓呂，31歲，他在廣西因與人共用針筒吸毒，去年九月被證實感染愛滋病。他近日到達泉州，因身無分文，被人慫恿做小偷，當他正向一名江姓女小販身上偷手機時，因為不熟練，被治安員當場人贓並獲。  福建《海峽都市報》
20061216-116,20061216,116,地產商1943萬買勞斯萊斯,"地產商1943萬買勞斯萊斯 一輛號稱有史以來最昂貴的勞斯萊斯轎車近日以高價賣給一名中國地產商，售價逾250萬美元（約1,943萬港元）。這輛曾在北京展出、勞斯萊斯中最高級產品的「幻影型」轎車，據悉是亞洲地區售出的第一輛同型車。 中國市場超越日本 勞斯萊斯公司主席伊恩．羅伯遜（IanRobertson）前日公布這項消息，不過他拒絕透露買家身份。據悉，中國已超越日本，成為勞斯萊斯汽車在亞洲的最大市場。而今年，勞斯萊斯汽車在中國的銷售量增長60%。中國已取代日本成為繼美國和英國之後，全球第三大勞斯萊斯汽車銷售市場。中國富豪今年已買下70輛勞斯萊斯，較日本多出50輛。  勞斯萊斯原是英國公司，1990年代初期賣給美國維克斯集團，1998年出售給德國汽車名廠寶馬，不過「幻影型」轎車仍在英格蘭南部生產。  英國廣播公司"
20061216-117,20061216,117,荒唐!妓女遭強姦稱有着數,荒唐! 妓女遭強姦稱有着數 吉林省遼源市一名16歲少年打劫一名40歲妓女時，因只劫到三元，一怒之下將妓女強姦。少年近日因盜竊被捕，供出姦劫妓女的案情，當公安找到受害女事主調查時，她竟稱與16歲少年發生性關係是佔了便宜，因此事後並不想報案。  涉案陳姓少年在今年初已認識以賣淫為生的周姓女子。8月，陳因缺錢，將周騙到河壩旁，以刀威脅將周姦劫後逃往外地。本月6日他在地盤盜竊時被捕，在公安追問下，他交代曾四次到地盤盜竊，還供認曾姦劫周女。  吉林《新文化報》
20061216-118,20061216,118,捐精大學生僅22%合格,"捐精大學生僅22%合格 河南省唯一的人類精子庫，今年11月13日在鄭州大學第三附屬醫院正式投入服務，一個多月來已接受36人捐精，其中大學生成為捐精「主力部隊」。當局還計劃到大學校園宣傳，呼籲更多大學生捐精。不過，由於精子庫將精子合格標準比正常人提高了三倍，加上部份捐精者不良的生活習慣，令精子質量下降，目前捐獻的精子合格率僅22%。 精子庫要求高標準3倍 河南省人類精子庫負責人王全先稱，正常人的精子只要達到2,000萬個/毫升就合格了，但由於精子庫的保存要經過低溫冷凍，在這過程中會損失掉部份，所以標準就提高到了6,000萬個/毫升。另一方面，部份捐精人士亦因熬夜、酗酒、濫藥等習慣，導致精子質量下降。兩種因素造成目前捐精的36人中，只有8人合格。  他又稱，要完成一次完整的捐精，至少要九個月到一年的時間！捐精者要經過兩次篩選，精子合格才能成為正式的捐精者，然後每隔三至五天向精子庫供精一次，一共要進行六至十次。為了確保精子的質量，捐精者一般要禁慾二至七天。捐精者還要通過愛滋病毒檢查，其精子才會被使用。  《河南商報》"
20061216-119,20061216,119,14月大女嬰小腸外露,14月大女嬰小腸外露 一場怪病，將原本活潑、天真的女嬰，折磨成亁癟、孱弱的病嬰。除痛苦的哭聲外，她找不到其他方法表達自己的感受。福建廈門一個14個月大的女嬰，因患上壞死性腸炎，黃綠色液體由口中噴出。醫院為其做手術後，將小腸放置在體外，她只要進食後，食物就直接由小腸流出來，往往令她痛得徹夜難眠。  一歲多的許雯馨，體形較八個月大的嬰兒還細小。她今年8月突然發高燒、肚子脹大、呼吸困難。當地醫院為其做手術，把壞死的腸切除並將兩段腸尾放置體外，以免流出的液體留在體內。但數日後，女嬰腹腔內液體流量不減反增，體外小腸竟出現密密麻麻的小孔。至今，一堆紅色的腸子仍盤繞在她肚外，伴有黏稠的液體。北京首都兒研所專家指，需等女嬰的炎症稍為紓緩後，才可替其小腸做修補手術。  《廈門商報》
20061216-120,20061216,120,兩岸快線：鹹潮威脅70萬人食水,兩岸快線：鹹潮威脅70萬人食水 中山近日受鹹潮侵襲。自上周四傍晚起，鹹潮越過中山神灣南鎮水廠，直抵上游大湧鎮全祿水廠取水口，鹹度超標時間長達六小時，導致上周四及五關係全市近70萬人口用水的全祿水廠被迫停止取水六小時，但在相關措施配合下，市民食水未受影響。若未來三天鹹潮繼續威脅取水，中山市民食水或受影響。  廣東《南方都市報》
20061216-121,20061216,121,法官控辯唇槍舌劍,法官控辯唇槍舌劍 台灣國務機要費貪污案開審，法官、檢察官、辯護律師各逞唇槍舌劍，展開第一輪的激鬥。第一家庭的「御用律師」顧立雄在最後時刻突然現身，擔任吳淑珍的辯護人，更令仔細研究過辯方律師背景的控方檢察官措手不及。 御用大狀顧立雄突出庭 有「御用大狀」之稱的顧立雄早前曾公開表示，兒子不想被人指指點點，希望他不要接國務機要費案。第一家庭公布的律師團名單中，也一直沒有顧立雄。顧立雄昨晨突然出庭，的確收到奇兵效果。他一開始就挑戰司法程序違憲：「本案只有兩種可能，就是當犯罪事實涉及總統時，應暫時停止審判，或是暫時不受理，等到總統卸任後，再行訴究。」  擔任主審的「美女法官」徐千惠昨日未有特別表現，由審判長蔡守訓主持庭訊。他多次打斷律師對審訊違憲的質疑：「各位大律師放心，我們看了很多資料，不會比各位少。」  對於吳淑珍突昏倒退出聆訊，蔡守訓四度追問能否請她繼續出庭，並說：「下一次要開庭，可以帶簡易病床，要坐躺、吊點滴（吊鹽水）都可以，（法庭）空間上也可以配合。」  而控辯雙方在司法程序上也有一番爭執。當律師提出國務機要費只有總統陳水扁知道全貌，控辯都計劃申請總統作證時，檢察官張熙懷不客氣地回應：「不需要傳喚一個不說真話的人。」律師指檢方起訴違憲、應撤回起訴時，張熙懷說：「檢方大門永遠敞開，歡迎被告認罪協商。」  其實，相對於顧立雄的突然現身，檢察官也留有後着，外界正期侍負責偵辦國務機要費案的檢察官陳瑞仁親自上陣，對抗御用兵團。  台灣《蘋果日報》
20061216-122,20061216,122,潑水賀新婚,潑水賀新婚 雲南昆明一對新人在西雙版納傣族園內，互相潑水祝福，氣氛熱鬧。另外，亦有一對新人舉行別開生面的傣式婚禮，新郎騎着大象，在親友簇擁下迎娶新娘。  新華社
20061216-123,20061216,123,兩岸快線：高速公路收費加30元,兩岸快線：高速公路收費加30元 廣東京珠高速公路南段擴建工程近日完工，韶關南站至北興站路段由過往的四車道擴建成六車道，投資逾六億元人民幣，塞車情況得到改善，不過，私家車由廣州到韶關的全程路費將加價30元。京珠高速南段日均車流量達到2.7萬架次，以前常因塞車致南下物資受阻，因而有「京珠南一塞車，廣州的肉價格翻番」的說法。  《羊城晚報》
20061216-124,20061216,124,兩岸快線：112學生染甲型肝炎,兩岸快線：112學生染甲型肝炎 廣西博白縣一所中學，上月底起出現甲型肝炎局部爆發疫情，至昨天共有112名學生受到感染，有關當局聲稱甲肝疫情已經受控制。初步判斷出現疫情的原因是學生飲用的井水受到污染，而學校住宿環境衞生差、學生食堂無衞生許可證、許多學生有喝生水的習慣等，也是造成疫情擴散的原因。  新華網
20061216-125,20061216,125,版稅收入1400萬余秋雨成作家首富,"版稅收入1400萬 余秋雨成作家首富 內地媒體最新發布的「中國作家富豪榜」顯示，近年活躍於電視媒體的散文作家余秋雨，以1,400萬元（人民幣．下同）的版稅收入成為中國作家首富；轟動海內外的《雍正皇帝》等電視連續劇的原作者、歷史小說作家二月河，則以200萬之微，屈居第二。而被譽為80後（1980年代出生）佼佼者、現年24歲的韓寒，則力壓多個老牌作家，以950萬元排行第三。 北京《財經時報》根據作家們近10年來主要作品的版稅收入，即發行冊數×定價×版稅率（10%），編製「中國作家富豪榜」。結果，長期位居全球華文書暢銷排行榜前列的余秋雨奪冠。 二月河居次　韓寒第三 余秋雨最暢銷的作品《文化苦旅》，至今已印刷出版了145萬冊，僅在內地的版稅收入就達320萬元，《千年一歎》的版稅有290萬元，《霜冷長河》有200萬元。余近年更頻頻上《福布斯》中國名人榜，去年更以年收入340萬元遠遠拋離另一個上榜的作家海巖（年收入100萬元）。  至於致力營建「帝王系列」，以描述清代皇帝康熙、雍正、亁隆的三部長篇歷史小說聞名的二月河，他的《二月河文集》就有330萬元版稅。而創作年齡短淺的韓寒，其長篇處女作《三重門》有160萬元版稅，《一座城池》和《長安亂》則分別為200萬元和60萬元。豐厚的版稅收入，亦令好愛賽車的他頻頻換新車，平時開奧廸，賽車用三菱五代EV05。  就近年許多暢銷作家的身家暴脹，內地文學評論家謝有順認為，像余秋雨等人作品的暢銷，只是個案而已，「他們的走紅，有很多社會因素。普通的寫作者如果把他們作為標杆（目標），那就太累啦！」 有文丐盼望被富婆包養 據悉，高收入者在作家群裏只是鳳毛麟角，所佔比例僅為3%左右，而收入主要來自版稅、稿費和影視作品改編的版權費。大部份作家的月收入僅在1,000元左右。今年11月，湖南男作家黃輝發表期望被富婆包養的宣言，吉林籍作家洪峰則上街乞討，都引起社會關注。其實，內地作家群猶如社會的縮影，一邊是寫得盤滿缽滿的文豪，一邊是生活難以為繼的文丐，貧富懸殊日趨嚴峻。有網民慨歎：「窮書生古之皆然。」"
20061216-126,20061216,126,台灣世紀大審訊陣容,台灣世紀大審訊陣容 法官 蔡守訓（審判長）：「下一次要開庭，（吳女士）可以帶簡易病床，要坐躺、吊點滴都可以。」  主審法官：徐千惠  陪審法官：吳定亞 控方＊ 張熙懷（主任檢察官）：「不需要傳喚一個不說真話的人，並沒有要傳喚總統。」 被告 吳淑珍（總統陳水扁夫人）：「不認罪。」  馬永成（總統府前副秘書長）：「我沒有權力去懷疑總統是否有權執行職務的工作。」  林德訓（總統辦公室主任）：「案子很複雜，她（吳淑珍）不接受起訴的事實。」  陳鎮慧（總統府出納）：「不認罪。」 辯方＊＊ 顧立雄（吳淑珍律師）：「本案只有兩種可能，就是當犯罪事實涉及總統時，應暫時停止審判，或是暫時不受理，等到總統卸任後，再行訴究。」  楊芳婉（吳淑珍律師）：「從偵查、調查開始，就有違反憲法的疑慮。」  陳建中（馬永成律師）：「洩漏國家機密也有刑責問題，往後審理不公開進行會比較好。」    註：＊昨日出庭的檢察官還有楊榮宗、周士榆、林達和張友寧  　　＊＊辯方律師團共10人
20061216-127,20061216,127,各界對吳淑珍暈倒反應,各界對吳淑珍暈倒反應 民進黨團總召柯建銘：「法院審理的方式很沒有人性，法官的態度非常沒有人性。」    副總統呂秀蓮：希望司法也尊重生命，社會應以同情心祝福夫人早日康復    行政院長蘇貞昌：「政治不外人性，不要一切政治惡鬥，要多一點人性關懷！」    台南官田鄉親：很心疼，同情她    前總統李登輝：「我沒有看電視，不知道，不要問我。」    國民黨團書記長蔡錦隆：希望她保重健康，以利往後出庭應訊；更肯定夫人坦然面對司法審判的態度    反貪腐總部新聞總監張富忠：期盼她恢復健康，外界不應在個人健康上作過度扭曲的解釋    台灣網民：夫人的病，來得快，去得也快；簡直是笑話一場    美國CNN：以「戲劇性」發展報道總統夫人應訊暈倒的消息    資料來源：台灣《蘋果日報》
20061216-128,20061216,128,中國作家富豪榜,"中國作家富豪榜 1.余秋雨 年齡：60歲  版稅收入：1,400萬元  主要作品：《走出「彼得堡」》、《文化苦旅》和《山居筆記》 2.二月河 年齡：61歲  版稅收入：1,200萬元  主要作品：《康熙皇帝》、《雍正皇帝》和《亁隆皇帝》 3.韓寒 年齡：24歲  版稅收入：950萬元  主要作品：《三重門》 4.蘇童 年齡：43歲  版稅收入：900萬元  主要作品：《妻妾成群》（被導演張藝謀改編成《大紅燈籠高高掛》）、《飛越我的楓楊樹故鄉》 5.郭敬明 年齡：23歲  版稅收入：850萬元  主要作品：《幻城》、《夢裏花落知多少》    註：版稅收入只計近10年主要作品；以人民幣為單位  資料來源：北京《財經時報》"
20061216-129,20061216,129,盜版嚴重　金庸損失逾億,盜版嚴重　金庸損失逾億 內地書籍盜版之嚴重，令一些著作在內地暢銷的香港、台灣作家，損失不菲。武俠大師金庸在1991年與北京三聯書店簽約作品出版和銷售代理前，幾乎收不到任何版稅，令其損失逾億元（人民幣．下同）。 學生拿盜版向余光中索簽名 金庸曾稱，他一直沒有收到內地的版稅，只有一次是例外，就是應前中共領導人李瑞環的要求，簽給天津百花文藝出版社出過一套《書劍恩仇錄》，收過一筆約10萬元的版稅。但去年，北京有出版社盜版12套金庸武俠小說而被告上法庭，被要求索賠97萬元。  台灣作家余光中曾應邀到廈門大學演講，其間一位學生抱着兩本他的作品請求簽名。他認真一看，兩本書都是盜版，令他不知如何是好。而廣受內地讀者歡迎的香港散文作家董橋，其《雙城隨筆》、《沒有童謠的年代》等作品亦見盜版書流傳市面。  本報記者
20061216-130,20061216,130,網民轟扮可憐　扁子探母後赴日,網民轟扮可憐　扁子探母後赴日 台灣第一夫人吳淑珍昨日出庭暈倒，引起島內外各界嘩然。綠營空巢而出挺珍，泛藍陣營則低調回應。美國CNN則以「戲劇性」來報道第一夫人暈倒事件。但陳水扁兒子陳致中昨日中午到醫院探視母親後，下午立刻出國前往日本，並計劃在日本短暫停留後再轉往美國。他在日本準備入住酒店時被台灣的電視台追訪，不透露離台目的，對於母親的健康則表示，「我也是很擔心啊」。  國民黨立委賴士葆表示，陳致中在母親「重病」時仍趕着出國，顯示吳淑珍的病情並不如外傳般嚴重。有藍軍立委就接獲市民質疑，扁嫂暈倒何以仍有氣力緊抱醫護人員。台灣一名網民則諷刺地說：「以後罪犯上法庭暈倒比率會大增。」  對於吳淑珍在法院暈倒，台灣副總統呂秀蓮稱，法律不外乎人情，貴為第一夫人都能尊重司法，所以司法也要尊重生命。曾幫扁嫂倒屎倒尿的民進黨立委藍美津哽咽地說：「別以為是演戲……夫人的體質不如一般人，真的禁不起風寒的折磨。」  本報記者
20061216-131,20061216,131,書記妙法防「親戚」攀附,書記妙法防「親戚」攀附 本月初剛升任中共海南省委書記的衞留成，有見攀附他的「姨媽姑爹」愈來愈多，為了防貪腐於未然，近日公開交代自己的家庭狀況，但亦無奈地表示，官愈大「親戚」愈多，他現在當書記，「親戚」可能會比以前當省長時更多。  不少網民昨日大讚衞留成「正直」，但亦有人認為，「如果（他）進一步公開財產就更好了，貪腐就會減少很多」。 衞留成公開家庭狀況 衞留成上周四在海南省經濟工作會議上向與會人員說，自己親戚極少，有一個姊姊、一個弟弟，岳母在他身邊，兩個孩子，一個在香港，一個在深圳，他們工作很多年了，「如果有事要吩咐，我會親自打電話或寫便條，有甚麼問題我負責，否則誰信了我的親戚，犯錯自己負責。」  現年60歲的衞留成，曾長期任職在本港上市的中海油，並出任董事長，2003年調任海南省長。本港親北京《文匯報》引述衞留成說，到海南前，曾有不少朋友提醒他，地方人際關係複雜，需要小心。他說：「跟我多年的秘書都知道，任何人說衞留成的壞話都不許告訴我，哪怕是爛在肚子裏也別說。」  衞留成又說，近年幾乎沒有單獨與廳局、市縣領導吃過飯，也不准他們到家裏去，不是不想搞好關係，而是為了避是非。據悉，他任海南省省長時已積極整頓官場，去年初推出省長問責制，訂明省長有權免去瀆職的基層首長。  本報記者
20061216-132,20061216,132,左手尾指　戴上鑽戒防小人,左手尾指　戴上鑽戒防小人 吳淑珍昨天出庭時未施脂粉、頭髮稍亂、衣着力求簡單低調，與過往在公開場合中華貴絢麗、動輒佩戴百萬珠寶的裝扮截然不同，但仍無法掩飾她愛用名牌的習慣。她左手尾指戴了一枚約20萬元新台幣（約4.7萬港元）的翡翠鑽戒（圖），據稱可防小人；身上則穿了售價7.15萬元新台幣（約1.7萬港元）、Dior品牌的粉色滑雪系列棉外套，再次成為朝野抨擊的對象。 穿Dior外套被批沒廉恥 國民黨團書記長蔡錦隆稱，據說第一家庭一個月要吃掉約28萬元新台幣（約6.6萬港元）的吞拿魚，即使穿得再豪華出庭，亦不令人覺得驚奇。國民黨團首席副書記長徐少萍則說，一般婦女只要是被告，都有「廉恥心」、「謙卑心」、「羞恥心」，不會穿得像出席宴會般珠光寶氣，顯然吳的「心態沒有改，和一般婦女不同」。  吳淑珍自從在1985年車禍中引致下半身癱瘓後，身體狀況一直不好︰營養不良、腸胃吸收功能差、低血壓等問題。而她於今年捲入連串醜聞弊案後，每到關鍵時刻，其身體則容易出現毛病，像她涉入SOGO禮券案、介入公營公司人事調動等醜聞弊案時，就傳出她5月時曾連續數日，每日如廁19次。  台灣《蘋果日報》
20061216-133,20061216,133,點滴辯方策略「拖字訣」,點滴 辯方策略「拖字訣」 台灣《時報周刊》昨引述法律界人士稱，辯方律師應對審訊吳淑珍的策略就是拖字訣：一是要求傳喚證人出庭，涉及200多人；二是吳淑珍的身體狀況欠佳，隨時可以要求入院治療；三是可以利用憲法的總統刑責豁免條款及總統行使職權的爭議，展開攻防。辯方目的是至少撐到陳水扁卸任。
20061216-134,20061216,134,解放軍禁黨派滲入,解放軍禁黨派滲入 解放軍總政治部副秘書長張貢獻表示，堅持中共對軍隊的絕對領導，是解放軍的根本政治原則，不允許其他黨派在軍隊中建立組織和進行活動。 中共有絕對領導權 中國國防部外事辦公室前日向57個國家的71名駐華武官介紹解放軍政治工作。張貢獻說，軍隊政治工作是實現中共對軍隊絕對領導的根本保證，解放軍堅持軍隊的最高領導權和指揮權集中於中共中央和中央軍委，堅持黨委統一的集體領導下的首長分工負責制，堅持在團以上單位設立政治委員和政治機關，堅持黨的支部建在連上，不允許其他黨派在軍隊中建立組織和進行活動。  今年以來中國已舉辦多次說明會，向駐華武官介紹中國的安全政策、國防科技工業等情況。  早前有消息稱，北京近期將公布新的國防白皮書，系統闡述胡錦濤的國防理念和政策。  中新社
20061216-135,20061216,135,台灣政壇風雲綠營溫柔鄉暗藏辦公樓,台灣政壇風雲 綠營溫柔鄉暗藏辦公樓 台北市新生南路一處辦公大樓，一到夜晚10時後，卻變身為酒色滿盈的綠營溫柔鄉。記者連續守候一個月，直擊打扮亮眼的年輕女子在深夜時分進出，民進黨籍重量級立委高志鵬、余政道也是座上賓，總統府參議郭文彬更搭載一名靚女外出。 總統府官員也是座上賓 這間招待所隱藏在台北市「大安區合作社大樓」四樓。記者於上月14日至本月14日連續在大樓外觀察一個月，發現白天大樓與一般辦公大樓無異，一到夜晚，四樓招待所時常燈火通明，許多穿着入時、身材火辣的靚女出入，賓客除民進黨立委、總統府官員外，還有新科台北市議員李慶鋒等。  上月28日凌晨零時許，記者目擊身着白色套裝醉酒女子被兩名男子攙扶步出大樓，腳步蹣跚、神情恍惚，連衣服被掀至胸部都未發覺，一旁男子見狀將她抱起抬進白色平治車中，隨後駛往忠孝東路、復興南路交叉口的一棟商業大樓前，酒醉女郎被送到十二樓「金盃酒店」。  本月14日凌晨零時30分左右，郭文彬也到招待所，還一度下樓到櫃員機提款。至凌晨2時20分，郭文彬下樓至停車處上車，卻未即時離去。此時，一名身着藍色性感洋裝、手持LV手袋的女子從大樓電梯內步出，到樓外望見郭的銀色本田車便快步跑上前，搭上郭的私家車離去。  郭文彬昨日回應，當天是朝升開發負責人蔡銘杰（其辦公室在四樓）找他泡茶聊天，他不清楚有沒有招待所。他一度否認曾載小姐離去，但十多分鐘後又主動致電記者，稱是蔡銘杰拜託他送女性友人返家。  余政道則承認，大樓內確實有招待所，「我到台北開會，晚上有空難免會去找一兩個好朋友聊聊天，這沒甚麼」。  台灣《蘋果日報》
20061216-136,20061216,136,點滴賄選案幕後人投案,點滴 賄選案幕後人投案 被指為高雄市長賄選案幕後指使者之一、雲林同鄉會顧問蘇萬基，昨日下午主動投案。蘇向警方承認曾聯絡楊慶德租旅遊巴，搭載市民出席國民黨候選人黃俊英的造勢晚會，但否認派錢。旅遊巴派錢錄影在投票前夕曝光，是黃俊英敗選主因，楊慶德據稱後來逃至香港，台灣警方正追緝他。
20061216-137,20061216,137,廣州貨車滾下63桶毒劑釋毒氣會傷人體呼吸道,廣州貨車滾下63桶毒劑 釋毒氣會傷人體呼吸道 廣州一輛運載有毒化學品水合聯胺的貨車，前日下午疑因避車時失控，車上63桶化學品全部滾到高速公路上，其中幾桶水合聯胺更洩漏到地上，產生大片灰色、帶有刺激性氣味的泡沫，由於人接觸水合聯胺可能引起呼吸急促或令眼睛永久受損害，當局一度要封閉道路，並召來身穿防化服及防毒面具的消防人員到場清理，事件中幸未造成傷亡。 事發於前日下午三時五十分，據目擊者稱，運載化學品的貨車準備經北環高速前往黃埔一家工廠，當貨車駛至接近岑村出口時，疑因避讓前方一輛減速的私家車而急速拐彎，導致車上盛載化學品的塑料桶滾到高速公路上。其中幾桶化學品桶蓋被摔開，洩漏出來的化學品隨即發出強烈的刺激性味道。有途人看見裝着化學品的塑料桶上貼有骷髏頭像的標籤，於是立即報警。 消防員穿防化衣清理 消防局接報派出多輛消防車趕到場，其後證實洩漏化學品是水合聯胺。由於該化學物除了會對人體呼吸道和眼睛造成傷害外，也會經皮膚接觸吸收引起中毒，人若不慎食入可能傷及腎臟甚至死亡，數名身穿黃色防化服、頭戴防毒面具的消防隊員在約4時25分奉命到場進行協助清理，不停向路面噴水，將灰褐色泡沫稀釋並沖刷掉。而通往岑村的高速路出口因此要封閉逾兩小時。  天河區環境監測部門人員稱，由於洩漏的化學品數量比較少，對路面和附近環境影響不大。  另外，浙江省上三高速公路嵊州段，前日下午二時也發生液化氮洩漏。肇事的是一輛載有21噸液化氮的貨車，疑非法在高速公路行駛被交警截查後，突然發生洩漏事故，經搶救後，幸好未有造成人員傷亡。  廣州《信息時報》/新華網
20061216-138,20061216,138,扁嫂要住院或難出庭,扁嫂要住院或難出庭 被控告貪污罪及偽造文書罪的台灣總統夫人吳淑珍，前日出庭時突然暈倒，至昨日仍在台大醫院治療。院方表示，吳淑珍長期營養不良、血壓起伏、體溫偏低，住院時間要長一點，何時出院、能否出庭，還言之過早。 陳致中妻指夫辦完私務便回台 台大醫院發言人林鶴雄表示，吳淑珍昨日上午血壓一度降至69-36（理想值為120-80），她雖已進食，但仍須吊鹽水補充體力。總統陳水扁昨晨到醫院探望時，未回應傳媒問題，而陳致中妻子黃睿靚表示，陳致中赴美是要處理一些私人事情，很快就會回台。  國民黨立委邱毅質疑，陳致中此時赴美難道是替扁、珍兩人交代甚麼急事？他強調，陳致中身涉國務機要費發票、萬海航運少東陳柏廷贈錶兩案，事涉偽證、行賄罪，此時赴美，實在費人猜疑。  而民進黨立委高建智則力挺陳致中說，台中市長胡志強夫人邵曉鈴的女兒胡婷婷還不是在母親出事後先自英國返台後，再回英國，「怎麼都沒有人說話？」立委黃淑英也說：「陳致中孝不孝順由他媽媽來判定。」  台灣《蘋果日報》
20061216-139,20061216,139,美聯社選出YouTube10大短片,"美聯社選出 YouTube10大短片 2006年堪稱「YouTube年」，這短片分享網站熱爆全球，今年10月被Google以16.5億美元（約128億港元）收購，上月又榮獲美國《時代》周刊選為「年度發佳發明」。美聯社選YouTube今年10大重要短片，透視YouTube現象的10個不同層面。 1.Lonelygirl15 俏麗可人的小女孩，化名Lonelygirl15在睡房玩自白，對着鏡頭談生活瑣事，令萬千網民死心塌地。Longelygirl15最後證實是由19歲演員羅斯（JesicaLeeRose）假扮，但這幕鬧劇也突出了YouTube的獨特性質──真實與虛構、專業與業餘，全部共冶一爐。 2.電視台驚與喜 美國全國廣播公司（NBC）旗下的《SaturdayNightLive》有一環搞笑音樂短片《LazySunday》，廣受歡迎，有網民把它放上YouTube，瀏覽率超過500萬。NBC大驚，今年2月要求YouTube移除片段，並自行建立同類網站。但哥倫比亞廣播公司（CBS）的《大衛牙擦騷》等節目被人放上YouTube，電視收視率受惠上升。YouTube對傳統媒體到底是福是禍，令人深思。 3.變政治工具 美國共和黨維珍尼亞州參議員艾倫（GeorgeAllen）公開譏笑民主黨對手的印度裔義工是「獼猴」(macaca)，放上YouTube後令他支持度插水，輸掉中期選舉，macaca更因此被「全球語言監察」組織，選為年度政治最不正確字詞。身患帕金遜症的影星米高霍士（MichaelJ.Fox）「手騰腳震」地上電視，挺幹細胞研究，片段在YouTube吸引數以百萬計網民觀看，影響力更勝電視。 4.創辦人開懷 Google天價收購YouTube後，創辦人陳士峻和赫爾利（ChadHurley）隨即在YouTube發布一個短片，顯示他們閃閃發光的雙眼和意氣風發的笑容，曾發布片段的網民不是味兒：「不是我們做了所有工作嗎？」 5.MTV新平台 MTV頻道不可能盡播天下音樂短片，YouTube卻提供了無限大的發放平台，當中OKGo組合就抓緊機會，憑一套在跑步機跳搞鬼舞步的音樂短片打出名堂。 6.揭名人真貌 曾參演《宋飛正傳》（Seinfeld）的MichaelRichards，今年11月7日表演棟篤笑時，突然向一班黑人大發雷霆，種族歧視字眼連珠爆發，在場觀眾以手機拍下放上YouTube，讓全世界的人都可看他的話題熱罵。 7.老人訴心曲 一位來自英國的79歲老伯伯化名geriatric1927，在YouTube片段娓娓道出自己半生經歷，講戰爭論人生，感動萬千網民。 8.列呈堂證供 網上短片並非純粹消遺，亦可伸張正義和引起執法行動。加州男子卡德納斯（WilliamCardenas）在荷李活被警方截查多番遭拳打頭部，片段在YouTube發布後驚動聯邦調查局（FBI）調查。內布拉斯加州兩名少年自拍影片，恐嚇對自己學校不利，則隨即被警方拘捕。 9.「後舍男孩」 YouTube無界限，可盡觀各國流行文化。中國大學生二人組「後舍男孩」化名TwoChineseBoys，發布一系列「咪嘴」激唱BackstreetBoy歌曲的音樂短片，唱到國際知名。 10.「星」夢工場 只要有本事，人人也可透過YouTube名揚全世界！南韓青年林忠勳，頭戴鴨嘴帽，用電結他彈奏Pachelbel的古典樂曲《Canon》，短片放上YouTube至今瀏覽人數已超過1,100萬，就連美國《紐約時報》也要山長水遠找他做訪問！  美聯社"
20061216-140,20061216,140,英夫婦15萬元買樓收租變27億,"英夫婦15萬元買樓收租變27億 本港不少人有炒樓致富夢，穩健一些的會買樓收租，英國威爾遜夫婦（FergusandJudithWilson）或者可以做他們的偶像。這對教師夫婦透過不斷買樓收租，乘英國樓市大牛市而起，不足20年就變大業主，擁700間屋、總值2.4億英鎊（36.5億港元），朝英國首位買樓出租成億萬富豪的目標急速進發。  威爾遜夫婦建立700間屋王國要藉按揭貸款之助，扣除貸款和負債，估計有1.8億鎊（27.3億港元）身家，距離英文中billionaire的10億鎊（150億港元）身家仍遠，不過已跟BodyShop創辦人AnitaRoddick和歌手PhilCollins相若，而且英國現時樓價每日平均上升40鎊（610港元），他們每朝起床，身家都會多了2.8萬鎊（42.5萬港元）。  對於這對不足60歲的夫婦，這些變化相當大。威爾遜60年代初大學畢業後，曾有一段時間露宿公園，他和太太朱廸絲90年代初還在中學教數學，1987年一次意外上車，令他們踏上「樓王樓后」之路。  當時他們肯德郡（Kent）的家附近有屋拍賣，他們原本想換屋，碰巧有公司徵求租屋，於是改為將自住房子租出，之後乘樓價上升，不斷將手上物業加按，作為再買另一間屋的首期。1996年英國開始有淨息供款按揭，減低初期供款負擔，令他們的買樓出租生意起飛。 現時擁700間屋收租 當日第一間屋他們以9.8萬鎊（149萬港元）投得，銀行戶口卻只有1萬鎊（15萬港元），還要成交後才找按揭，認真大膽。朱廸絲說：「那時我前所未有地驚，現在我買屋都不會眨眼。」2003年英國息率跌破4厘時，他們平均每周都買一間屋，有次更一日內用1,000萬鎊（1.5億港元）掃了40間屋，現時已擁有700間屋收租。  威爾遜夫婦的成功秘訣，是懂得找有潛力目標集中投資。他們集中在阿什福德（Ashford）買屋，當地樓價在90年代比東南部其他地區低得多，現有「歐洲之星」火車總站座落，樓價和租價大升。房子種類則集中在兩至三間睡房的排屋，他們指發展商老愛起三至四間睡房的大屋，適合單身和二人小家庭的小房子供應少，出租利潤最好。  兩人早已沒有教書，仍很少放假，努力發展物業生意。雖然有銀行警告英國樓價飆升勢將放緩，明年頂多升4%，威爾遜卻是樓市大好友，相信樓價每七年就會翻一番。他們明年將推出物業債券，讓買樓出租投資新手可買新屋5%權益上車，中期目標就是將名下房子增加到1,000間。  英國《衞報》"
20061216-141,20061216,141,死囚打毒針不死補打第二針　痛苦斷氣　家屬炮轟不人道,死囚打毒針不死 補打第二針　痛苦斷氣　家屬炮轟不人道 數年前由荷李活巨星湯漢斯（TomHanks）主演的《綠里奇蹟》（TheGreenMile）中，一名死囚被獄卒大整蠱，坐在電椅上被電擊十分鐘，淒厲叫聲縈迴良久，教人毛骨悚然。這幕殘忍的「超時」死刑執行情景，周三竟在美國佛州上演真人版，死囚不是坐電椅，而是注射毒針行刑，打了毒針後竟然死不掉，當局罕有地要補打第二針，死囚面部不斷扭曲，狀甚痛苦，足足花了34分鐘才斷氣，事件震撼美國。死囚家屬和反對死刑組織炮轟打毒針不人道，州長也下令調查。 死囚是55歲的廸亞斯（AngelNievesDiaz），來自波多黎各，27年前在邁阿密（Miami）謀殺了一位無上裝酒吧經理而被判死刑。但廸亞斯一直堅稱自己無辜，即使行刑前一刻，被綁在行刑床上還說自己是無辜，對於被處死，「我對自己和家人的遭遇，感到難過」。 煎熬34分鐘才死 廸亞斯說完遺言後，兩名行刑手為他注射藥物。按照正常程序，這是一針奪命，通常三分鐘內失去意識，15分鐘內死亡，但死亡過程全部出現偏差！廸亞斯不但沒有失去知覺，還不斷眨眼、喃喃自語、面容扭曲和舔舔嘴唇，過了24分鐘後，他還懂得活動。行刑手決定再補一針，廸亞斯才死去。他足足煎熬了34分鐘，比常人多19分鐘。  廸亞斯的律師凱弗（SuzanneMyersKeffer）坦言：「我感到毛骨悚然，我膽敢斷言，廸亞斯死前肯定非常痛苦。」反對死刑組織也形容這是一次非常拙劣的行刑，「廸亞斯被處死兩次，若佛州市民見到他死前所受的痛苦，他們也會支持結束死刑」。 歸咎肝病阻藥力 不過，監獄官員強調廸亞斯不會感到痛苦，打第一針時已開始打鼾聲和失去意識，從未恢復過知覺，但當局料不到要補打第二針，相信是廸亞斯肝臟有毛病，影響了藥力，阻慢了毒發時間。  但廸亞斯家屬指摘當局講大話，因為廸亞斯根本沒患肝病，而且身體健康，最近更提出捐腎給姪兒；醫學專家也質疑肝病阻止藥力發揮作用的講法。佛州州長杰布布殊（JebBush）對於廸亞斯要34分鐘才死亡也表示關注，已下令對事件展開調查。  家屬連同律師凱弗正式提出訴訟，要求佛州最高法院宣判用毒針行刑違憲，法院要求保留廸亞斯屍體，方便調查工作。 曾有電椅燒死囚 佛州以前是用電椅執行死刑，1990年代有兩名死囚坐在電椅時，頭部慘被燒着，2000年一名死囚在電擊過程中狂流鼻血的痛苦情形，招來各方猛烈批評，當局遂改用打毒針，認為較為人道和可靠。  美聯社
20061216-142,20061216,142,死亡見證「他像從沒死過」　家屬誓言爭公義,死亡見證 「他像從沒死過」　家屬誓言爭公義 「廸亞斯看來就像從來沒有死過。」美聯社記者沃德（RonWord）表示佛羅里達州歷來20次毒針死刑，他都見證過，死囚多數在3-5分鐘內昏迷，10-15分鐘內死亡，卻從未見過要拖了34分鐘才死。 親友悲痛表不滿 佛州執行死刑時，正式的見證人坐在前兩排，記者坐在後兩排。沃德稱，兩名行刑手為廸亞斯注射第一支毒針幾秒後，「廸亞斯向上望，眨了幾次眼，口中念念有詞，有人說他可能在祈禱」。  一分鐘後，「他開始面容扭曲，之後開始舔嘴唇和喘氣」，顫動了幾次，但10分鐘後他仍活着，瞪眼反望25名見證人，24分鐘後仍在呼吸，身體仍不斷活動，直到行刑手注射第二針後才斷氣。  廸亞斯的表親奧特羅（MariaOtero）聽到見證人描述行刑情況後很不滿：「廸亞斯受了很多苦，打了一針又一針，第一次注射後他的眼上下望，胸口抽搐，卻沒有死。他的個案帶出了很多問題。」 或告政府施酷刑 她表示，廸亞斯是無辜的，被綁上行刑床時仍說：「死刑不止是一種報復，還是懦夫所為」。她表示會找律師研究是否可以控告州政府施加酷刑，「我們要求公義，這案件還未了結，鬥爭會繼續下去，廸亞斯就是想這樣。」  美聯社/法新社
20061216-143,20061216,143,暴風襲美加六死　150萬戶大停電,"暴風襲美加六死　150萬戶大停電 美國和加拿大西岸遭到一股自1993年以來風力最強的風暴吹襲，造成近150萬戶和商戶大停電，至少六人死亡，多班航機取消，美加當局更要關閉溫哥華來往西雅圖的大橋。美國國家氣象局指，強風將南下至加州，令三藩市和洛杉磯籠罩在大雨和寒冷中，附近山區則會下雪。 美國華盛頓州和俄勒岡州（Oregon）沿岸的風力，最高錄得每小時超過145公里，而西雅圖機場的風速達111公里，打破了該機場1993年錄得風速101公里紀錄。至於加拿大溫哥華的風速亦達95公里。 屋內燒烤吸毒氣　33人送院 強風和豪雨令溫哥華和美國西北部多處地方水浸，大樹連根拔起，電線杆被吹倒，導致華盛頓州有70萬戶大停電，俄勒岡州有35萬戶沒電力供應，加拿大卑詩省（BritishColumbia）有逾24萬戶停電，儘管電力公司工程人員進行搶修，但風力太強，電力公司要停電幾天，用戶沒暖氣下要捱冷。有居民在屋內燒烤吸入過量一氧化碳，33人要送院治療。  美國大停電導致西雅圖和俄勒岡州的波特蘭（Portland）機場關閉，有幾十班航機要取消。《西雅圖郵報》因印刷廠停電而無法印報紙，是該報自1936年印刷工人罷工以來首次無法出版。《西雅圖時報》即使有報紙出，只印了13,000份。 大樹倒塌　壓火車軌及民居 強風太猛，美加官員被迫關閉連接西雅圖和溫哥華的大橋；大樹倒塌，壓着火車軌，又遇上山泥傾瀉，導致往來西雅圖及波特蘭的Amtrak火車被取消。  風暴造成六人死亡，西雅圖市一名居住在地牢的41歲女子，由於水浸所造成的水壓緣故，令她無法打開家門，活生生被淹死。奧林匹亞市一名28歲男子在睡夢中被塌下來的大樹壓死；另有兩人在車禍中喪生。  俄勒岡州一對老夫婦在停電期間點蠟燭引起火警，被活活燒死。加拿大暫未收到有人在風暴中喪生的報告。  美聯社/路透社/中央社"
20061216-144,20061216,144,19響禮炮送走拉姆斯菲爾德,"19響禮炮送走拉姆斯菲爾德 美國五角大樓前天（周五）舉行盛大儀式，歡送國防部長拉姆斯菲爾德（DonaldH.Rumsfeld）。雖然他指揮的伊拉克戰爭令美國人怨聲載道，更令共和黨喪失國會兩院控制權，但總統喬治布殊（GeorgeW.Bush）仍對拉氏讚不絕口。 布殊讚領導有方 在擂鼓聲下，正副總統與拉姆斯菲爾德步出五角大樓外的草地，19響禮炮隨後響起。在一句鐘的儀式上，發言的人均對拉姆斯菲爾德交口稱讚。  喬治布殊細數拉姆斯菲爾德功績：出兵21天就推翻侯賽因（SaddamHussein），助伊拉克人取回主權、舉行民主選舉、制訂憲法和成立新政府；但絕口不提伊戰延宕四年，反美襲擊和派系戰鬥與日俱增，逾2,900美國人為伊拉克送命。  喬治布殊說，911後拉氏以堅決領導，讓軍隊準備好面對新世紀的新威脅；全賴拉姆斯菲爾德「領導有方」，國家因此更好。跟拉氏相識40載的副總統切尼（DickCheney）更說：「他是這國家歷來最優秀的國防部長。」  伊戰讓拉氏丟烏紗，但他的臨別贈言仍堅持立場：「得體地離開痛苦、醜陋的戰場，也許是讓某些人欣慰的想法。敵人可不這樣想。」  現年74歲的拉姆斯菲爾德，是美國唯一一位兩任國防部長的人，第一次是在福特麾下，是美國歷來最年輕的防長；這次他則挾住歷來最年長防長的「紀錄」離任。接替的羅拔蓋茨（RobertGates）將於明天宣誓就職。  美聯社/法新社"
20061216-145,20061216,145,反死刑呼聲更響,反死刑呼聲更響 廸亞斯打毒針後要受折磨34分鐘才斷氣，適值美國正開始辯論打毒針行刑是否人道，令反對死刑人士更振振有詞指這種方法絕不人道，紛紛促請廢除死刑。 內臟猶如被火燒 佛州一個反對死刑組織負責人埃利奧特（MarkElliot）批評說：「他們處決了廸亞斯兩次。當廸亞斯被注射化學藥物後仍然清醒，內臟器官猶如被綁在火柱上燃燒。若果你要吊死某人，絞索突然折斷，你再將他送上絞刑台，即使成功行刑，但仍是拙劣的行刑。」他指廸亞斯的遭遇，將會令全國國民改變對打毒針的看法。  除了廸亞斯行刑出現問題，加州法院正處理一宗類似案件，一名死囚指打毒針行刑做法過份殘忍，要求廢除這種行刑方法。  「死刑資訊中心」昨天發表研究報告，指美國今年只有53人被處決，較1999年的98宗大幅下跌，反映支持死刑的美國人大減，愈來愈多人支持將死囚改判終身監禁。目前美國共有37個州准許死刑，以德州行刑最多，今年有24人被處決，而在總統喬治布殊仍是德州州長時的6年光景，竟處決了152人。  英國《衞報》
20061216-146,20061216,146,巴勒斯坦提前大選,巴勒斯坦提前大選 巴勒斯坦自治政府主席阿巴斯（MahmoudAbbas）昨日（周六）宣布，將會提前舉行自治政府主席和議會選舉，哈馬斯（Hamas）隨即指摘阿巴斯此舉是搞政變，號召支持者上街抗議，令人擔心兩派連日來街頭駁火的衝突，會演變成內戰。 哈馬斯指阿巴斯搞政變 阿巴斯昨天在電台直播上發表講話，指巴勒斯坦的政治危機嚴重，哈馬斯與法塔赫（Fatah）無法就共組一個技術官僚聯合政府達成共識，難以令西方撤銷對現時哈馬斯政權的經濟制裁，惟有盡快舉行主席和議會選舉。他沒透露大選日期，法塔赫官員透露，大選在三個月內舉行。  以色列支持阿巴斯的決定，但哈馬斯卻堅決反對，並指阿巴斯違反憲法和巴人意願，在搞政變，推翻民選政府。由於兩派連日駁火，分析家擔心阿巴斯宣布提前大選，令兩派的衝突升溫，隨時爆發內戰。  路透社
20061216-147,20061216,147,醫生之言專家：這是神話謊言,醫生之言 專家：這是神話謊言 廸亞斯需要打第二支毒針才死，獄方稱是因為他有肝病，以致拖慢了藥物在肝臟的代謝作用，又稱不相信廸亞斯受刑時會感到痛苦，但專家指這些說法很有問題。  美國佛羅里達大學藥劑學教授多林（PaulDoering），就指這解釋「毫無根據」，「它是《仙履奇緣》後最大的神話謊言。」  哥倫比亞大學醫學中心的希思（MarkHeath）醫生也指出，雖然執行死刑用的致命化學物效力，會受死囚身體狀況影響，但行刑時間拖長，「不可能完全歸因於」肝病。  反死刑人士亦指出，行刑所用的三合一毒針，頭兩種化學物分別是麻醉劑和癱瘓劑，致命的第三種化學物氯化鉀（PotassiumChloride）注入人體後會令內臟如遭火灼，假如死囚注射麻醉劑後仍未昏迷，就會死得非常痛苦。  法新社
20061216-148,20061216,148,潘基文法語水皮出洋相,潘基文法語水皮出洋相 新任聯合國秘書長潘基文前天（周四）宣誓就職，沒想到出師不利，典禮後立即受到考驗，寫下任內第一宗「瘀爆事件」，全因這位亞裔聯合國秘書長法語不夠靈光──儘管他上月通過了法國總統希拉克（JacquesChirac）的「口試」。 宣誓就職接替安南 明年元旦才正式接掌權力的潘基文，前天在美國紐約聯合國總部宣誓就職，矢言會做個「協調者和築橋搭路的人」，立下「最高道德水準的榜樣」，並以現任秘書長安南（KofiAnnan）的成就為基礎，作出貢獻。  現年62歲的潘基文理想遠大，可惜典禮後立即出洋相，在記者會上被考問法語，「口啞啞」不止，聽力也「水皮」。  話說一名操法語的加拿大記者請他用法語回應問題：「說漢語和阿拉伯語的人比法語多，何以法語仍然是聯合國內第二重要的語言？」潘基文聽罷，顯得有點疑惑地用英語說：「我聽不懂，你可否用法語慢慢說……」但他也略盡綿力，「用法語慢慢說」這一節是用法語說的。  對方於是慢慢重複了問題，可惜潘基文仍聽不懂，有點笨拙地用法語說「我不明白」。助手立即替他繙譯了，潘基文才用英語回應，指那是聯合國成員國基於「方便和實際性」作出有關決定，又強調六種法定語文有「同等效力」。  聯合國有六種法定語文（英、法、西、俄、中文及阿拉伯文），所有正式和半正式會議都使用英、法語。傳統上，聯合國秘書長要懂法語，至少足夠應付工作需要，英語流利的潘基文也費了一番功夫學法文。上月他跟法國總統希拉克午膳，據說全程用法語交談，其後獲希拉克公開讚賞，法國駐聯合國大使亦曾指潘基文的法語可以。 被記者譏法語騙子 沒想到潘基文甫宣誓就因為法語不靈光而出糗，還招來記者調侃，說潘基文不是「Francophone」（說法語的），而是「Franco-phony」（「phony」解騙子）。  事後潘基文的幕僚可能想為老闆挽回一點面子，告訴傳媒說，潘基文在記者會後接受了法語傳媒訪問，一切順利，還用法文回答了兩個問題。  法新社/路透社/美聯社
20061216-149,20061216,149,佛州暫停執行死刑,佛州暫停執行死刑 美國佛羅里達州替死囚打毒針行刑出錯的風波愈鬧愈大，佛州州長杰布布殊（JebBush）前天（周五）下令全州暫停執行死刑，直至三月完成調查報告為止。與此同時，聯邦法官裁定加州現行的打毒針行刑的方法違憲，令死刑再受挑戰。 加州法院指打毒針違憲 聯邦法官福格爾指出，加州的行刑手、所用藥物以至行刑室都有問題，顯然違反美國憲法中禁止施行殘酷懲罰的條文，需要作出改善。  55歲死囚廸亞斯（AngelNievesDiaz）上周三在佛州行刑出岔子，正常程序下死囚應在15分鐘內死亡，但廸亞斯注射後仍有知覺，要補一針才死去，受盡煎熬34分鐘。法醫漢密爾頓驗屍後指出，這是由於毒針打入了肌肉組織。學者指這會令藥力發作速度慢，雙臂像火燒般劇痛，「精神和肉體都相當痛苦」。  美聯社/美國《紐約時報》
20061216-150,20061216,150,不丹國王遜位　王子掌政,不丹國王遜位　王子掌政 喜馬拉雅山上小國不丹（Bhutan）國王吉格梅．辛格．旺楚克（JigmeSingyeWangchuck），繼去年不愛江山愛民主，宣布2008年將權力交給制憲後的國會後，上周四晚宣布即時遜位給有「白馬王子」之稱的基沙爾（JigmeKhesarNamgyelWangchuck）王子，令舉國70萬子民震驚。  據不丹官員說，旺楚克是在上周四特別內閣會議上，突然向眾大臣宣布提前遜位，並即時簽署法令，讓位給基沙爾，眾大臣驚訝得沉默了一段很長時間。消息昨天（周六）公布後，全國70萬人既震驚又不敢相信，因為沒有人想過旺楚克會這麼早就退位給只有26歲的俊俏王儲。 「白馬王子」牛津大學畢業 51歲的旺楚克沒有透露提前遜位的原因，但他在昨天網上版《不丹政府公報》說：「我有信心在新國王和民主政府領導下，不丹的前景更加光明。」印度傳媒報道，旺楚克決定提早退位，目的是要在現時過渡到2008年君主立憲和大選前，增加基沙爾的政治閱歷。在英國牛津大學畢業的基沙爾，也深獲民眾支持，被國民大讚有遠見。  旺楚克去年宣布結束絕對君主統治，下令大臣草擬憲法，以便2008年將政治大權交給國會時，已透露了遜位的玄機，當時他說應當在國家最穩定時改變政制，「為何要等待革命爆發？為何王儲只能待國王歸天時才能登基呢？」  旺楚克是在17歲，即1972年登基，雖然國民收入不高，但卻是全球快樂指數最高的國家。  另外，鄰國尼泊爾各政黨和毛派游擊隊通過臨時憲法草案，為毛派加入臨時政府和議會鋪路，也有助結束幾十年的內戰。  法新社/路透社
20061216-151,20061216,151,巴勒斯坦兩派爆槍戰哈馬斯總理攜款強衝關,"巴勒斯坦兩派爆槍戰 哈馬斯總理攜款強衝關 巴勒斯坦黨派內訌加劇，哈馬斯（Hamas）的總理哈尼亞（IsmailHaniyeh），前日（周四）攜帶在海外籌集巨額現金回加薩地帶，遭受以色列當局阻撓，觸發哈馬斯槍手與親法塔赫（Fatah）的主席衞戍隊槍戰，哈尼亞的保鑣護主喪生、兒子受傷，哈馬斯指摘衞戍隊想行刺哈尼亞，昨天更在西岸拉姆安拉火併，令人擔心兩派隨時爆發內戰。 哈馬斯和法塔赫之間的衝突，昨天更蔓延到西岸拉姆安拉市（Ramallah），兩派槍手在街頭駁火，造成至少34人傷，包括一名10歲男童頭部中槍。哈馬斯更在加薩市舉行10萬人大集會，指摘巴人自治政府主席阿巴斯（MahmoudAbbas）向他們挑起戰爭，哈馬斯絕不同意提前大選或有關公投。外傳阿巴斯今天會發表重要演說，極可能是宣布提前大選。 總理兒子受傷　保鑣死 哈馬斯今年初贏得大選後，因拒絕放棄暴力和承認以色列而受西方國家制裁，沒有錢支薪給公務員。哈尼亞奔走中東和阿拉伯多國籌款，前日帶了3,500萬美元（2.73億港元）由埃及回加薩，卻在拉法赫（Rafah）邊境檢查站過不了關，以色列指擔心他用這筆錢資助恐怖主義，拒絕放行。  逾1,000名哈馬斯槍手憤然衝擊邊境檢查站，打破窗戶、傢俬和電腦器材，旅客大驚四處躲避，歐盟監察員亦倉皇撤出。負責當地保安的衞戍隊開火，與幾十名哈馬斯槍手爆發槍戰，至少27人受傷，包括哈尼亞的兒子阿比德（AbedHaniyeh），一名保鑣撲上去保護哈尼亞時中槍身亡。 指法塔赫高層策劃行刺 哈尼亞滯留邊境檢查站幾句鐘後，在埃及斡旋下，哈尼亞將3,500萬美元存入一個埃及銀行戶口後獲放行，稍後再轉賬到巴勒斯坦自治政府戶口。哈尼亞氣沖沖地說：「我們知道是何方人馬向我們的車開槍。」  哈馬斯指摘衞戍隊想行刺哈尼亞，並將矛頭指向法塔赫在加薩的高層達赫蘭（MohammedDahlan），法塔赫否認指控。  法新社/美聯社/英國《衞報》"
20061216-152,20061216,152,日舊式暖爐奪七命,"日舊式暖爐奪七命 日本北海道札幌笘小牧市警方，前天（周五）在一處民居發現七具屍體，經調查後相信他們是吸入過量一氧化碳致死。 吸過量一氧化碳中毒 男戶主堀川秀樹的親戚前天到肇事寓所探望堀川，卻發現兩名婦女及五名小孩斃命。警方到場調查，發現一部舊式手提火水暖爐，儲油箱內的燃料已燒亁，死者身體沒有傷痕，附近有嘔吐物，而屋內門窗緊閉，從而推斷七人因吸入過量一氧化碳中毒身亡。那部舊式火水暖爐由名古屋市Toyotomi公司製造，型號是「LCR-3」。在1983至98年間，同類型暖爐曾導致10人中一氧化碳毒死亡，該公司86年起回收所有產品，但至今有1,800部仍未收回。  日本《日本時報》"
20061216-153,20061216,153,任天堂免費更換Wii手掣吊繩,任天堂免費更換Wii手掣吊繩 任天堂（Nintendo）的新遊戲機Wii，以嶄新用體感手掣打機，讓不懂打機的人都輕易掌握打機竅門，令眾多機民玩得非常投入，但手掣的吊繩設計欠佳，以致手掣飛脫，任天堂昨天（周五）宣布為全球玩家免費更換320萬條手掣吊繩，讓玩家可玩得安心。  Wii的玩法新穎，只要拿着體感手掣揮動，就可以在打機時充當劍、網球拍或汽車軚盤，但推出後不少玩家在網上留言，指投入打機時，手掣很容易從手中飛脫，有的更打破了電視或電腦螢幕，有的打爛了玻璃窗、音響組合和吊扇，更有玩家將女友的眼也打瘀了。 新吊繩更粗　防止飛脫 由於問題愈來愈嚴重和普遍，任天堂認真對待有關問題，指吊繩不夠粗，不足以防止手掣飛脫，因此昨天宣布，機主可以到任天堂服務中心免費更換手掣吊繩。新吊繩直徑1毫米，比現時直徑只有0.6毫米的吊繩粗近一倍。  任天堂發言人皆川安弘說：「人們打機時會愈玩愈興奮，特別是玩運動遊戲時，就會出現手掣飛脫的情況。」這次免費更換行動所需的費用，預計達數億日圓。  除了更換Wii手掣吊繩，任天堂同日亦宣布，在日本回收手提遊戲機DS和DSLite合共20萬個變壓器，原因是變壓器可能會過熱，玩家有可能會被燙傷。  任天堂強調，在海外的DS和DSLite變壓器不用回收，因此預計只需1億日圓（約660萬港元）。  美聯社/法新社
20061216-154,20061216,154,妓女因偷錢惹殺身禍,"妓女因偷錢惹殺身禍 「我想我知道誰殺死她。」英國妓女連環謀殺案其中一名死者克倫內爾（PaulaClennell）的男友相信，兇手可能是一名被克倫內爾「迷住」的嫖客，因為克倫內爾等幾名妓女都偷他的錢，挑起他的殺意。 男友爆料　女友偷嫖客1.5萬 44歲的特納（PaulTurner）前天（周四）向警方指出，克倫內爾曾告訴他，有一名三、四十歲的嫖客很迷戀她，透過手機與她聯絡後，就會駕車載她到費利克斯托（Felixstowe）的寓所。除了克倫內爾，這名嫖客也會帶其他妓女回家。  他指這名嫖客在伊普斯威奇（Ipswich）出沒多年，與很多妓女混熟。不過，由於當地妓女近來生意不佳，因此偷這名嫖客的錢，克倫內爾也偷了對方1,000英鎊（約1.5萬港元），特納相信這就是他殺死多名妓女的動機。他說：「或者這名男子被多次偷錢，覺得受夠了，因此決定向她們作出反擊。」 慈善團體向40妓女派錢 出現連環殺手後，伊普斯威奇人心惶惶，有慈善團體為免妓女要冒險賣淫，透過警方和毒品輔導員向當地30至40名妓女派錢，但有關方面未透露金額有多少。  協助妓女之餘，警方亦繼續調查案件，希望盡快找到兇手。他們正調查五名受害人被殺前是否曾被人下藥迷暈，原因是五名死者的屍體上，都沒有掙扎過的迹象。  英國《每日鏡報》/《衞報》"
20061216-155,20061216,155,妓女兇案五屍六命,妓女兇案五屍六命 英國伊普斯威奇（Ipswich）的妓女兇殺案出現了第六名犧牲者，其中一名遇害妓女原來懷有身孕，令這宗撲朔迷離的兇案受害人增至五屍六命。但英國警方已找到線索，首次暗示收窄查案範圍，集中調查五名可疑男子。 警鎖定五目標人物 薩福克郡（Suffolk）警方昨日（周六）透露，想對100人進行問話，並暗示已鎖定五名目標人物，包括一名的士司機、一名商人及一名喜歡「打野戰」的男子等，全部都是被殺妓女尼科爾（TaniaNicol）的客人。  警方稱，可疑人士當中有本地人，也有專程到伊普斯威奇尋芳的外地人，另有一些是性罪犯，以及從事販毒活動的人。但在分析資料後，已將大部份人自名單剔除。  警方又證實，其中一名被殺的24歲妓女奧爾德頓（AnneliAlderton）懷有三個月身孕，但認為與兇手動機無關。  德新社
20061216-156,20061216,156,國際Gossip：老布殊唔妥希拉莉,"國際Gossip：老布殊唔妥希拉莉 ""IwillbebackandIwillbetryingtobeatthehelloutofherifpossiblyIcan.' 「我會捲土重來，試吓撼抵佢。」老布殊說 美國前總統老布殊上周四喺日本演講，提到希拉莉（HillaryClinton）可能競逐2008年總統。佢話會捲土重來，同佢鬥一鬥，阻止希拉莉入主白宮。老布殊話：「美國政治就係咁㗎喇。」  法新社"
20061216-157,20061216,157,盲眼教士或觸發恐襲,盲眼教士或觸發恐襲 美國聯邦調查局（FBI）近日發出內部警告，指策劃1993年世貿中心炸彈案、現正在美國服刑的埃及裔盲眼教士拉赫曼（OmarAbdel-Rahman）健康日差，最近更發現肝部有腫瘤。當局擔心他一旦逝世，可能觸發恐怖分子對美國發動襲擊。 吐血入院驗出肝有腫瘤 FBI本月8日發出警告文件指，一向有糖尿和心臟問題的拉赫曼，於本月6日吐血，由監獄送往醫院輸血，醫生替他檢查時發現肝部有腫瘤。他曾表示如死在美國獄中，希望支持者以「最暴力方式報復」美國，所以FBI發出內部警告。但官員指，美國現時並無即時受襲的威脅。  監獄局發言人表示，拉赫曼「過去數周」曾入院，但情況已穩定下來，現已返回監獄。  現年68歲的拉赫曼，於1995年被判終身監禁。近年他的健康惡化，三年前由監獄轉往囚犯醫療中心服刑。今年911事件五周年時，發動911襲擊的阿蓋德組織，第二號人物扎瓦希里亦呼籲回教徒為拉赫曼被囚一事，向美國報復。  美聯社
20061216-158,20061216,158,北韓裸女為同胞籌款,北韓裸女為同胞籌款 南韓最近出現一個網站，張貼了一位從北韓逃亡過來的女星的裸照，附上一些人權訊息，藉此為逃亡到中國的同胞籌錢，但在北韓變節者的施壓下，該網站昨天已關閉。  搞這個裸女網站的金姓北韓變節者指出，在南韓有多個講述北韓難民苦況的網站，但很少人點擊觀看，於是他決定用一名姓周的北韓女星裸照作招徠，只要付25美元（195港元）會員費就可看該女星的裸體照，兩人既可賺生活費，又可幫助流亡到中國的同胞。  不過，其他流亡在首爾的北韓人及人權組織都炮轟這個意念怪異，根本無助促進北韓人權，只是掛羊頭，賣狗肉的伎倆。  法新社
20061216-159,20061216,159,國際Gossip：美鑄第一夫人金幣,"國際Gossip：美鑄第一夫人金幣 美國鑄幣局繼早前逐步推出鑄有歷任總統頭像嘅1美元硬幣後，前天宣布由明年5月起，分批推出鑄有歷任第一夫人頭像嘅金幣，華盛頓夫人Martha（圖）都有份。不過，第一夫人頭像金幣嘅價值，就比總統頭像硬幣高，至少賣300美元（2,340港元）。  美聯社"
20061216-160,20061216,160,資訊的士紐約登場乘客可看電視　上網　碌卡付車資,資訊的士紐約登場 乘客可看電視　上網　碌卡付車資 現時甚麼都講究資源增值，連的士也不例外。美國紐約市明天（周一）將出現新一代的士，的士上安裝了電視、電子地圖和信用卡讀卡器，讓乘客在搭車時可隨意收看電視節目或新聞，或上網瀏覽餐廳資料，更重要是可查看司機有否兜路，方便又有用。 紐約的士及高級房車委員會上周四展示了這款未來的士，司機座椅後面安裝了輕觸式互動電視屏幕和電子地圖，乘客可選擇看新聞、體育及娛樂節目，還能搜尋餐廳和酒吧等蒲點資訊。若乘客想靜一靜，可隨時關閉電視。 電子地圖防司機兜路 的士還裝了電子地圖，電視屏幕會顯示乘客上落車期間，的士的位置和經過的街道，以便乘客監察司機有否兜路騙車資。  的士還安裝了追蹤系統，假如乘客遺下物品，又忘記了的士車牌號碼，只要向的士及高級房車委員會提供上落車的大約地點和時間，委員會就可以追查到是那一輛的士，迅速協助乘客尋回失物。 25美元內碌卡免簽名 的士向來只接收現金，但新一代的士卻裝了讀卡器，乘客可用信用卡或扣賬卡付車資。電視螢幕會顯示車費和過隧道的附加費，乘客在刷卡時大可加上「貼士」才付款，25美元（約195港元）以下的車費，更毋須簽名或輸入密碼。  美聯社/美國《紐約每日新聞》
20061216-161,20061216,161,威廉畢業了,威廉畢業了 英國公布戴妃車禍調查報告後翌日，威廉王子希望事件告一段落，昨天收拾心情出席桑德赫斯特（Sandhurst）軍校畢業禮，由祖母英女皇檢閱他和眾軍官立正敬禮的英姿（圖一），當他和英女皇作近距離對望時，雙方都發出會心的微笑（圖二）。威廉的女友凱蒂（KateMiddleton圖三）更首次穿着鮮紅色外套觀禮，謀殺記者不少菲林。  美聯社
20061216-162,20061216,162,一個人一個故事減肥王97公斤肉換195萬,一個人一個故事 減肥王97公斤肉換195萬 185公斤的大肥佬蕭邦（ErikChopin），慶幸當日沒有自掏腰包做紮胃減肥手術，而是決定參加美國全國廣播公司（NBC）舉辦減肥真人騷比賽《TheBiggestLoser》，令他立下決心跟49名對手鬥誰減得最多磅。結果他沒白費心機，成功奪魁，而且還得到一筆獎金，不過最開心的莫過於可重獲最fit體形。 擊敗真人騷49名對手 「這是超現實的，我現在是世界第一。」得獎後的蕭邦擺出一副王者姿態，這也難怪他，因為他由比賽前的185公斤減到現時87.5公斤，憑着無比毅力減掉97公斤贅肉，擊敗真人騷49名對手，贏得25萬美元（約195萬港元）獎金。  他坦承減肥過程非堂難捱：「這真是一個漫長歷程，應該是我有生以來所做過的最難事情。但我做對了，並得到應得的回報，就是我需要變得更健康。」他在比賽期間驗出患有糖尿病和其他與癡肥有關疾病。 曾對身形絕望想紮胃 36歲的蕭邦，對肥胖身形感到「很絕望」，早就打算做紮胃減肥手術，卻拿不出勇氣，最後決定參加減肥比賽，「我真的很高興我沒有（做手術）……現在一切安好，我覺得很舒暢，我會維持現時狀態」。  蕭邦得到25萬美元獎金後，會繼續經營紐約市的熟食店，但會用獎金還債，可能會買一輛新車，並計劃帶妻子和兩個女兒到廸士尼樂園遊玩。他還有一個心願，就是要幫人減肥，「因為我曾經試過病態癡肥，知道這是怎麼一回事，多麼令人難受」。  美聯社
20061216-163,20061216,163,國際Gossip：網上開盤猜誰殺特工,"國際Gossip：網上開盤猜誰殺特工 ""Itisfarmorecynicaltokillpeopleformoneyortosellone'ssoulthanitistoforecastordinaryelementsofourlives.""spokesmanofinternetbookmakersaid. 「謀財害命或者出賣靈魂，比起估吓日常發生嘅事，都陰功得多。」網上博彩公司答記者 俄羅斯前特工利特維年科被毒殺案撲朔迷離，情節好似偵探小說咁。哈薩克一個博彩網站最近開出盤口，估吓誰是真兇，以英國同俄羅斯嘅官方調查結果為準。嗰間叫GOL+PAS嘅博彩網站，接受最高500美元（3,900港元）嘅投注。網站負責人話，有人認為呢個盤唔道德，但佢哋覺得冇問題。佢哋冇透露目前受咗幾多注，只係話投注者以俄羅斯人為主。  路透社"
20061216-164,20061216,164,國際Gossip：英女皇俾狗咬,國際Gossip：英女皇俾狗咬 英女皇身邊有大把保鑣傍住，但佢上個禮拜出席喺倫敦麗斯酒店搞嘅遲來的生日派對，就俾人發現佢手腕上貼住塊膠布。英女皇向賓客解釋，早前為咗阻止兩隻哥基犬打交，反而被其中一隻咬到流血，要打破傷風針。英女皇15年前也曾為愛犬勸交而俾佢哋咬傷，之不過上次好傷，要縫幾針。  英國《太陽報》
20061216-165,20061216,165,有軌電車重現巴黎,"有軌電車重現巴黎 在巴黎街頭消失了70年的有軌電車，昨日（周六）重回軌道。由於電車每天的載客量達10萬人次，比巴士快捷，造價又比地鐵化算，巴黎市長德拉諾埃（BertrandDelanoe）希望藉此改變市內交通，向「無車城市」的理想邁出重要一步。 部份路軌鋪草皮 巴黎有軌電車設78個座位，可容300人，配備方便傷殘人士登車的低踏板、冷氣和電子告示板，每輛造價約2,500萬港元。電車線長7.9公里，行走巴黎城南13區至15區，途經凡爾賽門展覽中心、國際大學城和華人聚居的住宅區，全程24分鐘；沿線部份路軌範圍鋪草皮。當局計劃最終環繞全市行走。  電車計劃是巴黎申辦2012年奧運的工程，雖然申奧失敗，但德拉諾埃仍不惜花逾30億港元建造，目的是鼓勵市民使用公共交通。但有人擔心的士與電車爭路，造成交通混亂。  法新社/中新社"
20061216-166,20061216,166,海藻煉生化柴油,"海藻煉生化柴油 油價高企，各國都致力研發另類能源。新西蘭Aquaflow公司利用化糞池的養份種植野生海藻，從而提煉出高效益的生化柴油，供汽車作燃料。前天（周五）由能源部長帕克（DavidParker）和綠黨領袖示範，用混有這種生化柴油驅動的四驅車，圍着國會大樓走了10分鐘。 用人類糞便種植 生化柴油並不是甚麼新鮮事物，但Aquaflow卻是全球首次用人類糞便提煉出能源效益特別高的生化柴油。  一般生化柴油是用黃豆、油菜或棕櫚提煉，當中以棕櫚的效益最高，但每畝棕櫚田只能生產680加侖生化柴油，而用人糞種植海藻所產生的生化柴油，每畝地可生產10,000加侖。  種植海藻有一定難度，Aquaflow廢物利用，將人糞作養份解決了這問題，認為將來可考慮在奶類製品廠或其他有機廢料中種植海藻，來提煉生化柴油。生化柴油所排出的溫室氣體，比一般燃料少90%。  新西蘭《新西蘭先驅報》"
20061216-167,20061216,167,一個人一個故事小器作家大報復　新書抹黑記者狎童,一個人一個故事 小器作家大報復　新書抹黑記者狎童 克賴頓（MichaelCrichton）憑着筆下的《侏羅紀公園》（JurassicPark），成為美國最有錢和最有影響力作家，但缺點是器量小，對批評都放在心上。他的新作《Next》中有個狎童犯克勞利，被指用來抹黑經常批評他環保立場的同名記者。 克賴頓一向批評環保分子缺乏科學精神，更指環境保護論（Environmentalism）等同宗教，招惹各方抨擊，包括記者米高．克勞利（MichaelCrowley）。克勞利30歲，耶魯畢業生，在政論刊物《新共和》發表評論。 憑寫《侏羅紀公園》成名 憑《侏羅紀公園》成名的克賴頓，新作《Next》中竟然出現一個跟克勞利極其雷同的角色，也叫克勞利（MickCrowley），又是耶魯畢業生，又是在一本政論雜誌撰文，唯一不同的是書中克勞利不是記者，而是強姦兩歲姪女的孌童癖。克賴頓影射之意，可謂昭然若揭。  克賴頓在美國政界甚有名聲，總統喬治布殊拜讀了他的《StateofFear》後，曾親自接見他，足見他的作品「魔力」。  面對出版界大紅人的惡毒影射，克勞利也在《新共和》作出反擊，直斥克賴頓利用「小陽具心態」，手法下流之極，「沒有男人會挺身而出，說書中陽具最小的角色就是自己」，並抨擊克賴頓利用虛構人物抹黑他。  英國《每日電訊報》
20061216-168,20061216,168,星塵樣本證彗星可播生命,星塵樣本證彗星可播生命 美國太空總署的「星塵」號（Stardust），本年初將收集到的彗星和星際塵埃帶回地球，科學家分析樣本後最近公布研究結果，發現彗星粒子中有大而複雜的有機粒子，支持彗星為地球帶來「生命種子」的理論，而彗星樣本成份之複雜，也令科學家重新思考星體形成的理論。 為地球帶來「生命種子」 科學家分析了「星塵」號從「懷爾德二」號（Wild2）彗星收集的樣本後，在最新一期《科學》雜誌上撰文指出，他們發現樣本沒有在隕石常見的碳環結構有機物，但卻含有大量氧和氮，而這些物質是演變出生命所需的化合物。  科學界至今仍未知道生命如何在地球形成之初誕生，其中一個理論是彗星掉落地球，為地球帶來「生命種子」，這次的發現成了支持這個理論的佐證。 發現粒子比太陽還要老 科學家在彗星樣本中找到的礦物質和有機物質類別，也比想像之中多，其中一粒粒子比太陽的歷史還要久遠。直至現時為止，科學家認為是行星所處區域不同，而每個區域內出現的物質都不同，才令太陽系內不同行星的物質不同，但樣本中找到大量不同物質，令這個理論受到衝擊，科學家要再細心思考星體形成的理論。  路透社/英國《泰晤士報》
20061216-169,20061216,169,每日英語：Thenewstealth......,"每日英語：Thenewstealth...... Thenewstealth（隱形）JointStrikeFightertookitsfirstflightFridayandcompletedmostofitsobjectives.Butitlandedabout30minutesintoaplannedhourlongflight,becauseoneoftwoairdatasensorswasnotoperatingproperly.  AP 新隱形聯合攻擊戰鬥機周五首次試飛，完成大部份測試目標。戰機原本計劃試飛一小時，但由於其中一個空氣數據感應器不能正常運作，只好在起飛30分鐘後降落。  美聯社"
20061216-170,20061216,170,2006年氣溫　紀錄上第六最暖,2006年氣溫　紀錄上第六最暖 聯合國世界氣象組織前天（周四）發表報告，指今年為有紀錄以來第六溫暖的一年，全球暖化和極端天氣現象持續，北半球暖化的速度比南半球快一倍。  報告指出，今年全球氣溫中位數，較1961至1990年間的中位數上升0.42℃，而北半球高度工業化地區的氣溫上升0.58℃，是有紀錄以來北半球第四最溫暖一年，反觀南半球氣溫只上升0.24℃。此外，今年各地天氣模式呈兩極化，西歐錄得有紀錄以來最熱的秋季；美國錄得最熱的1至9月；菲律賓、東歐和美國新英格蘭區都錄得嚴重水災；中國和澳洲旱情嚴重；非洲和拉丁美洲則受暴雨侵襲。  另外，氣象專家估計，到了2100年，全球暖化令水平線上升50至140厘米。  法新社/美聯社/路透社
20061216-171,20061216,171,狠夫房門通電　電暈老婆被警控告安裝陷阱,狠夫房門通電　電暈老婆 被警控告安裝陷阱 俗語說「無寃不成夫婦」，美國人考德威爾和英國人辛格，都是人辦，他們一個將睡房房門通電，立心把妻子電到「紮紮跳」；另一個更狠毒，請老婆吃特別炮製的加料漢堡包，簡直是想將另一半置諸死地。 親密如夫妻，都要有屬於自己的空間，但44歲的考德威爾（HerbertCaldwell）未免過火，他為了阻止妻子入房，竟然將金屬門柄通電。  上周一他妻子不虞有詐，結果在開門時被110伏特電流貫穿全身，慘被電至頭暈眼花，可幸並無大礙，只是頭頂撞出一個瘤。警員後來拘捕考德威爾，控以施行家庭暴力、非法安裝陷阱和恐嚇等罪名。 英漢請分居妻吃鼠藥漢堡包 英國肯特郡（Kent）37歲男子辛格（HardevSingh）更加誇張，他跟妻子分居四個月後，仍然對她極之怨恨，於去年7月想出毒計：帶五名子女光顧「麥叔叔」後，送孩子回妻子家，順道奉上溫情漢堡包一個。幸好他妻子一口咬下已發覺味道有異，到快餐店投訴，由此揭發辛格偷偷在包內「加料」，放入大量老鼠藥。  狠毒的辛格下毒不成，兩周後又把汽油倒入妻子家的信箱，希望引起火災，幸好並未成事。法官前天判他入獄五年。  美國全國廣播公司/英國廣播公司
20061216-172,20061216,172,懵警看不見死屍調查車禍　如發雞盲,懵警看不見死屍 調查車禍　如發雞盲 失魂警察原來多的是，英國警員調查一宗車禍，查了幾小時，竟然一直看不到有人被撞死；美國警察更飛車撞入民居，險些兒撞死一對母女。  住在英國威爾斯南部的科林，日前回家時發現，一輛停在屋前斜路的小貨車，因為沒拉手掣，溜後撞入他家，警察封鎖現場調查，五句鐘後才放他入屋。豈料甫踏入廚房，他就見到一具屍體倒在地上──而警員一直沒看到！ 警車撞入屋險殺母嬰 警方後來稱，相信死者是行人，不幸被小貨車撞到，飛彈到四米多外科林的家中。驟見有人伏屍家中的科林，自言被嚇了一大跳：「我實在不能相信，竟然沒人看到他。」  美國加州一名警員也非常冒失，上周四他駕車趕往調查一宗入屋爆竊案，竟撞穿一間房子的牆壁，直衝入屋，只差一點就會撞倒一名母親和五個月大的嬰兒，警方正調查意外原因。  英國《太陽報》/美國哥倫比亞廣播公司
20061216-173,20061216,173,小時IQ愈高　長大後愈易茹素,"小時IQ愈高　長大後愈易茹素 一直以來專家都說，均衡飲食是增加智商的關鍵，但英國一項研究發現，智商（IQ）愈高的小孩，長大後愈有機會成為素食者。  英國修咸頓大學（UniversityofSouthampton）對8,000名現年30歲的男女進行長期研究，由10歲開始測量他們的IQ，發現小時候已非常聰明的人，到30歲時也會保持高智商，而他們比同齡IQ低的人傾向吃素。在撇除社會階層和教育因素後，研究結果發現，智商每高15分，成為素食者的機會增加38%。研究對象之中，只有2.5%是純素食主義者，4%是會吃奶類和蛋的素食者，另有33%自稱茹素，但會吃白肉和蛋。研究員指出，結果顯示聰明的人傾向選擇健康飲食，並常做運動。  路透社"
20061216-174,20061216,174,數十老鼠擾機艙掉到頭上　乘客大驚,"數十老鼠擾機艙 掉到頭上　乘客大驚 一架沙地阿拉伯航空的內陸機，上周三發生了駭人的一幕：飛行途中，機艙內忽然跳出數十隻老鼠在亂竄，登時嚇得百多名乘客張惶失措。  這架「老鼠嚇機」，是一架沙地阿拉伯航空的民航機，事發時正從沙地阿拉伯首都利雅得（Riyadh）飛往東北部城市泰布克（Tabuk）。有機組人員說，當航機飛至8,500米半空時，幾十隻小老鼠開始在機艙內竄來竄去，有的更掉到乘客頭上，大家嚇得面無人色，場面極度混亂。 男子皮袋藏80鼠登機 老鼠從何而來？未待航機着陸，職員已查出老鼠來自其中一件行李。一名男乘客承認把80隻老鼠裝入皮袋，帶上航機，不料老鼠逃脫，但他沒有解釋帶鼠登機的原因。幸好航機安全抵埗，罪魁禍首立即被警員帶走。  英國廣播公司/Ananova網站"
20061216-175,20061216,175,每日英語：Thisphotoreleasedby......,"每日英語：Thisphotoreleasedby...... ThisphotoreleasedbytheTexasA&MUniversity'sCollegeofVeterinaryMedicineandBiomedicalScienceshowsthethreekittensWednesday,thatwereborninSeptembertotheworld'sfirstcloned（複製）cat.Twoofthekittenstakeafter（相像）theirmother,whilethethird,left,hasagraycoat（皮毛）likehisfather.  AP 美國德州農工大學獸醫及生物醫療科學學院周三發放的照片，顯示全球首隻複製貓9月所誕下的三隻小貓狀況，兩頭小貓跟母親樣貌相似，只有第三隻（左）卻像父親擁有灰色皮毛。  美聯社"
20061216-176,20061216,176,女僕風西吹,女僕風西吹 幾年前在日本興起的「女僕咖啡室」旋風，終於吹到加拿大。在多倫多市郊斯卡伯勒（Scarborough）的iMaid咖啡室，要女侍作法式女僕裝扮招呼客人，成為當地話題。  路透社
20061216-177,20061216,177,大馬奇技挑戰賽少女舌頭捲出三花瓣,大馬奇技挑戰賽 少女舌頭捲出三花瓣 捲舌頭不是人人做得到，但馬來西亞一名女子不但可以捲舌頭，還有「舌吐金蓮」的超強技能，不費吹灰之力就把舌頭捲三下，就像三片花瓣一樣，令人拍案叫絕。 馬來西亞《光明日報》舉行「極限之星」挑戰賽，邀請大家示範特異技能，題材不限，結果由15歲的蘇薇芬，憑着舌頭捲花的奇技入圍。 「舌花」輪廓鮮明見者稱奇 蘇薇芬是在偶然之下發現自己身懷絕技。她某天在報章上看到一張舌頭捲成花的照片後，也把舌頭伸出來嘗試模仿，沒想到一下子就做得到，而且「舌花」花瓣輪廓鮮明清晰，她自己也嚇了一跳。從此她經常做這個捲花動作娛樂朋友和家人。「他們都嘖嘖稱奇，有人還懷疑我是不是用了障眼法變魔術。」 「快指」一分鐘打59中文字 29歲的陳裕達則以高速打中文手機短訊「奇技」參賽，只見他運指如飛，一分鐘竟可打出59個中文字。他說自己做文書工作，經常打字，因而練就「快指功夫」。  馬來西亞《光明日報》
20061216-178,20061216,178,人間有情,人間有情 美國北卡羅來納州一間小學的學生合力籌款，成功替天生沒有前腿的芝娃娃犬「黛西」買來特別輪椅。熱情的「黛西」輕吻一名女生，彷彿在向她道謝。  美聯社
20061216-179,20061216,179,情侶家中住進300萬蜜蜂,情侶家中住進300萬蜜蜂 美國佛羅里達州南部一對情侶兩年半前發現家中廚房住了一窩蜜蜂，但沒有理會，怎料牠們得寸進尺，數目與日俱增。這對情侶用盡各種方法驅蜂都沒用，最近終於請專家幫忙，終於趕走這300多萬不速之客。 兩年半留下27公斤蜜糖 被迫與群蜂住在同一屋簷下的這對情侶，住在邁阿密灘（MiamiBeach）一個單位。男事主莫利納說，「每天早上在廚房都見到蜜蜂」，更常常被刺。兩口子用盡方法也趕不走牠們，終於決定請養蜂專家幫忙。  養蜂專家當場清走300萬隻蜜蜂，估計牠們是通過牆壁一個小孔進入屋內，在廚櫃內築起蜂巢。由於莫利納和女友沒有趁早清理，蜜蜂漸漸落地生根。不過蜜蜂並沒有「白住」，給莫利納留下「告別」禮物：27公斤蜜糖。  WFTV網站
20061216-180,20061216,180,愛心長跑,愛心長跑 南韓首都首爾昨天舉行聖誕老人慈善馬拉松，參賽的大人小朋友齊齊穿上聖誕老人裝，起步前先做熱身運動。  路透社
20061216-181,20061216,181,美獵人輾斃七腿陰陽鹿,美獵人輾斃七腿陰陽鹿 美國威斯康辛州獵人利什科（RickLisko），上月底駕駛貨車時，撞到一些東西，他急忙下車查察，不禁大吃一驚！撞到的「物體」竟有七條腿，擁有兩性生殖器官——利什科不是撞到「外星怪獸」，而是一隻「七腿陰陽鹿」。 「讓人看得心裏發毛！」 那是一隻小鹿，一條前腿和兩條後腿都各長出了一截八至十厘米長的肢體，看來像三條未發育完全的腿。利什科形容「額外」小腿似足「蟹鉗」，還說小鹿死前，那些腿還會活動。他還發現小鹿長有兩性生殖器官。「那隻怪鹿讓人看得心裏發毛！」利什科說：「牠確是少見的稀有品種。」  怪鹿吸引一些商人出錢收購，有意製成標本，但利什科已把鹿剝皮煮來吃了，還說「相當美味」。  美國《豐廸拉克記者報》
20061216-182,20061216,182,玩火為樂,玩火為樂 反叛青年也許都愛「玩火」，俄羅斯的年輕人卻是真正流行玩火，這名青年上周四在莫斯科一個公園噴出熊熊烈火，似乎不擔心玩火可能會自焚。  美聯社
20061216-183,20061216,183,最袖珍狗,最袖珍狗 芝娃娃狗「白蘭地」（Brandy），由鼻子至尾巴尖端只有大約15厘米長，獲《健力士世界紀錄大全》確認是世上最袖珍的狗。電視台最近為牠拍攝紀錄片。  美聯社
20061216-184,20061216,184,最長雪橇,最長雪橇 以加拿大前奧運越野滑雪金牌得主斯科特（BeckieScott）為首的108名滑雪好手，前天在卡爾加里（Calgary）一起踏上100米的全球最長越野雪橇，滑行100米，寫下世界紀錄。  美聯社
20061216-185,20061216,185,出爐俄姐,出爐俄姐 新一屆「俄羅斯小姐」前天在莫斯科新鮮出爐，芳齡21的科托娃（TatyanaKotova）將掛着這甜美笑容，代表國家競逐「世界小姐」寶座。  美聯社
20061216-186,20061216,186,660萬元鑲鑽蛋糕,660萬元鑲鑽蛋糕 鑲鑽的飾物和衣服見得多，鑲鑽的食物大概沒多少人吃過。日本大阪一間百貨公司昨天展出一個35厘米高的朱古力蛋糕，鑲了共重50卡的鑽石，售價1億日圓（約660萬港元）。  美聯社
20061216-187,20061216,187,保住后冠,保住后冠 「2006美國小姐」康納（TaraConner）近日被傳遭褫奪后冠，「美國小姐」主辦單位前天發表聲明，否認康納后冠不保，但承認正評估康納的「行為和個人問題」。  美聯社
20061216-188,20061216,188,人頭落地,人頭落地 法國CIE111舞蹈劇團前天在葡萄牙里斯本公演，以障眼法演出一幕「人頭落地」。  路透社
20061216-189,20061216,189,金屬熱錢轉投美股道指創新高　直迫12500,金屬熱錢轉投美股 道指創新高　直迫12500 受惠於美國聯儲局明年首季減息機會提高，美股道瓊斯工業平均指數一連兩日創收市新高；全周漲逾1%，是兩個月來第二大升幅。隨着美股氣勢如虹，部份熱錢從商品市場轉投股市，加上基金突然一窩蜂拋售金屬商品，白銀上周五挫逾6%、紅銅更跌至半年來最低價。假如美國本周公布的生產物價進一步凸顯通脹受控，股市在聖誕前有力再闖新高峯。 【本報綜合報道】道指連續第二日收高於12400點，上周五升28.76（0.23%），至12445.52；納斯達克綜合指數升3.35（0.14%），收報2457.20。其中較能反映美國經濟前景的藍籌股通用電氣，股價飆升3.2%，創下近3年來最大升幅。 CPI理想　息口睇跌 過去一星期，道指累計漲138.03（1.12%），是10月中至今表現第二佳的一周；納指亦升19.84（0.81%）。  BNY證券交易部主管康羅伊說，美國上月核心消費物價指數（CPI）出乎意料地錄得零增長，人們更相信美國加息周期已告一段落，而經濟在明年頭兩季可望穩健增長，這應有利美股後市。  商品交易員指出，隨着美國上月通脹降溫，泊在商品市場好一段日子的資金，部份轉投美股懷抱。  上周五，國際現貨金跌10.50美元（1.68%），至每盎斯615.35美元的一個月低位；現貨銀更暴瀉91美仙（6.64%），挫見每盎斯12.86美元。  基本金屬亦難倖免，倫敦金屬交易所（LME）3個月期銅下滑135美元（1.99%），降到每公噸6635美元的半年來最低價。 美元回穩　加重沽壓 FuturePath交易員萊什表示，美元近幾日回穩，加重金屬價格的回吐壓力，黃金好友正在平倉。Prospector資產管理總裁卡普蘭說，基金突然同時間拋售商品，在商品市場造成很大震撼；銀價企於13美元以上顯然太貴，並誘使基金出貨。  Stone&McCarthy市場策略師利羅估計，美國周二公布的核心生產物價指數，以及周五揭盎的核心個人消費開支（PCE）物價指數，料齊齊溫和上升0.2%，數據可望帶來有利股市的消息。  有分析員指出，在美股牛市氣氛高漲的大前提下，金屬商品在年底前料會處於下風。
20061216-190,20061216,190,假通告宣布落實賣3G和黃13分鐘狂升暴跌,假通告宣布落實賣3G 和黃13分鐘狂升暴跌 和記黃埔（013）出售3G業務消息昨日充斥市場，導致其股價在8分鐘內狂升近3.5元；5分鐘後又急挫2.4元，大幅波動，恍如二三線莊家股，十分罕見。 【本報訊】導火線是彭博資訊引述英國網站NewsWireless稱，和黃昨晚將公布出售3英國及3意大利業務予中國移動（941）；更離譜有通訊社收到匿名電郵，內含中國電信（728）提交予美國證交會的偽造文件，披露中電信07年1月3日公布，以9.3億歐元購入和黃3意大利的15%權益。和黃、中移動及中電信分別公開否認有以上交易的存在。 證監：會跟進不當行為 對於中電信遭人偽造虛假公告，以至和黃及中移動股價大幅波動，證監會發言人指不會就此作出回應，只表示會跟進任何可疑的市場不當行為。港交所發言人則指，對於可造成股價敏感波動消息，公司自己應作出披露，至於透過虛假消息從事市場不當行為，屬於證監會的監管範圍。  和黃股價昨日午後曾於8分鐘內升3.45元，高見80元，成交11.48億元；消息遭否認後，5分鐘內又下跌2.4元，成交4.59億元。11分鐘內，和黃股價如坐過山車。和黃收78.2元，升2.2元或2.89%，以全日成交額44.64億元計，為第二大活躍股份。該股沽空金額上午只有8652萬元，全日則達7.34億元，顯示下午沽空大增。至於長江實業（001）及恒指在該段時間內，亦出現同樣變化。  至於中移動，由2時30分的62.25元，11分鐘內跌至61元，7分鐘後（2時49分）回升至62元，全日收62元，跌0.16%。中電信則無大波動，收3.66元，跌0.81%。 中移動急跌後喘穩 有證券商稱，彭博資訊下午開市前8分鐘（2時22分）發布和黃出售3G消息，由於標題並無提及買家為中移動，開市後，和黃最先作出反應，及後才到中移動遭狂插，昨日下午最初10分鐘，曾一度出現中移動無買盤掛出的情況；當和黃否認標題打出後，和黃及中移動即急速朝反向走，然而，隨後彭博又再將和黃出售3G標題打出，造成兩股新一輪較細的波動，直至尾市才告喘定。  昨日和黃及中移動窩輪成交額，分別位列「單頭輪」成交第2及5位，荷銀私人投資產品部策略員何啓聰指出，兩股最波動時並無停止報價，尤其是中移動輪，無輪輪商或散戶皆已習慣大上大落，只是將開價拉闊1至2個價位，主要是將接貨的量減半。  另有輪商指出，街貨量大的貼價及價內輪昨午波動最大，截至前日為止，街貨量達2.12億份的法巴和黃輪（4953）為例，中午收0.13元，但午後8分鐘暴升84.6%，然而至2時41分，又急挫36.7%，1分鐘後又反彈5.26%。  摩根士丹利研究報告指出，和黃出售歐洲3G傳聞不絕，每次均有不同買家，每次和黃均否認，該行相信和黃不會在這一刻放售3G，因沒有買家願意付出一個令和黃滿意的高價。
20061216-191,20061216,191,嚴陣以待,嚴陣以待 上周恒基地產股東會後嘅記者會，從未見過有咁多保安守護住，唔知係咪怕咗娛樂記者來勢洶洶，追問主席李兆基（右二）娶新抱嘅事。  李潤芳攝
20061216-192,20061216,192,主要貨幣匯價,主要貨幣匯價
20061216-193,20061216,193,3新股報捷錦江飆73%曾升95%　5年來最佳,3新股報捷錦江飆73% 曾升95%　5年來最佳 新股不敗氣勢持續，三隻昨日掛牌的新股均紅盤高開，按收市價計，錦江國際（2006）升勢最凌厲，收市價較招股價勁升73.18%至3.81元。除升勢凌厲外，三隻新股首日波幅相當大。錦江昨日最高亦曾升95%，創出自TOM集團（2383）01年以來的5年紀錄。 【本報訊】三隻新股首日有波幅有升幅，散戶炒得不亦樂乎。錦江就有不少散戶甫開市已追貨，雖然最後股價由高位回落，但網友仍看好前景。網友「hkangles」說：「大戶收緊貨，散戶沽幾多接幾多，收完貨就發威，耐心等幾日啦！」另外一名網友「Enjolras」亦同意：「我3.96元高追錦江，等貨源歸邊再炒上去。」 中交升38%真明麗升30% 同樣由高位回落的中國交通建設（1800），網友對其日後表現充滿信心，網友「Michael_Caine」表示：「等社保出完貨，發行股數轉過兩次手之後，你就知道中交嘅厲害，年底前保守睇8元。」至於較細隻的真明麗（1868），網友「Kelvinmak2」則說：「唔係次次都要抽大型嘅新股，呢隻都唔錯呀，穩步上揚！」  中交昨日最高升至7.8元，其後升勢回順，收6.33元，較招股價升37.61%，成交額115.03億元，為昨日成交額最大的股份。高低波幅達28.5%。按收市價計，06年度預測市盈率，由招股價的18.2倍升至25倍。  錦江昨日收3.81元，最高見4.29元，成交額27.11億元，排名第三，高低波幅達17.21%。按收市價計，預測市盈率升至51倍。表現稍遜的真明麗，最高見9.55元，收8.96元較招股價升29.86%，高低波幅18.78%，成交額11.23億元，排名第九，預測市盈率升至26.88倍。  時富資產管理聯席董事姚浩然建議，投資者不用急於追貨，料下周一及二出現整固。若已持有3股的股民，可繼續持有中交及錦江，考慮善價沽真明麗。 民安、海天興達上限定價 消息人士透露，由於反應理想，民安控股（1389）、海天國際（1882）、飛毛腿（1399）及興達國際（1899），均以招股範圍上限定價，分別是1.88、3.95、2.02及3.08元。  民安公開發售錄得530倍超額，凍結697億元資金，計及啓動回撥機制，國際配售錄得約90倍超額。  海天及飛毛腿公開發售分別超額約220及300倍，各凍結約347及157.56億元資金。三公司仍未決定分派基準，但料一人一手機會不大。
20061216-194,20061216,194,說聲再見,說聲再見 中航興業上周五召開特別股東會，通過以每股2.8元私有化公司，間公司會係明年1月11日撤銷上市地位，主席孔棟臨走前同記者講聲拜拜。  梁鑑章攝
20061216-195,20061216,195,內幕交易細劉罰款3416萬,內幕交易細劉罰款3416萬 【本報訊】人稱「細劉」的華人置業（127）主席劉鑾鴻早前被裁定99年9月就匯漢控股（214）進行內幕交易，內幕交易審裁處昨日公布，細劉被罰款合共3416萬元，本月22日起計12個月不可擔任華置及科鑄（2303）董事，但保得住他持股64%的利福國際（1212）董事職位。 可保利福董事職 細劉保得住利福董事職位，基本上與證監會有關。審裁處指出，證監早於99年向細劉查詢匯漢交易事宜，01年底將案件交給財政司司長，財爺諮詢過律政處意見後，03年5月決定進行聆訊。利福翌年1月通知聯交所及證監有意上市，細劉是執行董事。  重點是證監若發現某隻新股上市不符合投資者利益，有權叫停。本案中，證監雖早知道匯漢案會開審，但一直沒有反對利福上市或反對細劉擔任利福董事，等於默許利福上市，並向公眾表明細劉適合擔任上市公司董事。  這點足以令審裁處對此特殊情況行使酌情權，讓細劉保留利福董事職位。而且，審裁處指出，細劉預料不能擔任利福董事，早委任一名新總經理負責公司事務，盡量減低事件對公司的影響。細劉亦不似其他干犯內幕交易案的人，他利用自己戶口買賣匯漢股份，根本無意隱藏身份。  值得一提，審裁處特別指出，匯漢案的調查性質直接簡單，涉案人士數目有限，證監卻要利用1年零10個月調查，之後，律政處又花1年零7個月向財爺提供法律意見，前後共花3年零5個月，財爺才決定並通知審裁處要進行聆訊，處理時間實在過長（excessive）。
20061216-196,20061216,196,電盈鐵金剛,電盈鐵金剛 遠睇仲以為電影占士邦嘅宣傳，睇真啲原來係電盈流動通訊主管史東（中）同電視市務及內容業務首席副總裁李凱怡（左）、流動通訊市場高級副總裁李惠儀（右）宣傳新服務產品。不過睇落史東個身形同樣子都好過新嘅鐵金剛，再加上兩位靚同事傍住，似乎做佢好過做007。  程志遠攝
20061216-197,20061216,197,保鑣,保鑣 喺富豪酒店記者會上，見到一位大男人揹着個女人手袋，原來佢係太子女羅寶文嘅保鑣，咁太子女嘅手袋自然亦要好好保護啦！  李潤芳攝
20061216-198,20061216,198,六成保薦人棄續牌,六成保薦人棄續牌 【本報訊】證監會將於明年1月1日起引入高標準的新保薦人制度，該會截至周四中午267名第6類中介人（從事保薦人業務）中，有160名表示無意再做，90名已提出申請，表示有意在新制度下擔任保薦人，只有17名尚未表態。 90間申請續牌 證監會指，該等中介人已接下的生意可以繼續做，但新生意應按新規定取得。  證監會指，正對上述90名申請人進行最後階段評核，但發現部份申請人未能符合新的資格準則，包括有關勝任能力及經驗要求，並已在昨日向未能證明自己有能力的申請人發出通知，指該會擬向他們施加發牌條件，他們可以依據程序提出申述。  由於現時距離新例實施尚有約半個月時間，倘若上述已接獲通知的申請人仍刻意包攬生意，其適當人選資格可能會受到證監會質疑。
20061216-199,20061216,199,誠意吸客,誠意吸客 北京搞咗個冬季房地產展示交易會，一間地產商嘅女sales喺房價牌上註明「簽三方約不吃差價、透明交易」嘅誠信標語，用嚟招攬市民放心買樓。  中新社
20061216-200,20061216,200,紐國研企業來港上市,紐國研企業來港上市 【本報訊】新西蘭總理克拉克（HelenClarke）對於港交所（388）近期招攬海外企業來港上市集資一事，認為香港作為金融服務中心，市場資金充裕，該國亦會更好利用香港這個金融市場。現時港人以投資新西蘭房地產為主，她希望投資能涉及高科技工業等項目。  克拉克昨天在港接受訪問時，被問及本港政府推行銷售稅被拉倒，她指出，銷售稅是當地政府財政收入一項很有效的稅收來源，當地稅率為12.5%，但當然要配合為低收入人士提供補貼措施。她又稱，香港是新西蘭一個主要航運中轉地，不少來自歐洲的旅客也是經港往新西蘭。  她又提及中國作為一個冒起的經濟大國，對全球經濟有很大影響，與中國保持關係十分重要；中國已加入世貿，需遵守國際規定，至於內地保護知識產權問題，她認為，香港可作為一個輔助角色，因為本港有完善法治及高透明度。中國現時為新西蘭第四大貿易夥伴，香港則排11。
20061216-201,20061216,201,保爾森：華同意人民幣更彈性,保爾森：華同意人民幣更彈性 【本報訊】首次中美戰略經濟對話，昨日在北京閉幕。美國財長保爾森表示，中國已同意對人民幣滙率，採用更具彈性的政策，但像9月訪華行程時一樣，並未有透露具體放寬的時間表。 曾創滙改後新高 人民幣開盤中間價，連續兩日衝破7.82關口，昨日開盤價更創滙改以來新高，報每美元兌7.8185，與前日收市價相同，其後表現偏軟，收市回落至7.8275。每百港元則兌100.602人民幣。  隨同代表團訪華的聯儲局主席伯南克，對敦促中國採取更靈活滙率政策的言論，顯然較保爾森更明顯，他促請內地「加快」人民幣升值，從而終止透過滙率貶值，「補貼」出口的政策，他在向中國社科院發表的演說中指出，要求人民幣更快更多地升值，同時亦呼籲當局要擴闊人民幣上下波幅，配合以市場為主導的獨立滙率及貨幣政策。  對於美息及美國經濟表現，伯南克則未有評論。  市場預期人民幣升值逐步加快，若從人民幣不交收遠期表現看，現時2個月人民幣不交收遠期滙率已達7.75，即港滙偏強一方的兌換保證上限價。
20061216-202,20061216,202,睇真啲,睇真啲 究竟有乜咁吸引，可以令到港交所行政總裁周文耀（右）彎低身睇真啲？原來係從事紡紗行業嘅金達控股上市時送畀港交所嘅紀念品，裏面有用亞麻花造成嘅圖案，唔怪得要仔細咁睇清楚。旁為金達控股主席任維明。  程志遠攝
20061216-203,20061216,203,12月新股上市時間表,12月新股上市時間表
20061216-204,20061216,204,鐵拐李,鐵拐李 撐住枴杖出席中國交通建設上市嘅李民橋（右），喺人堆中左穿右插，睇嚟聖誕節去蒲都無咩問題。可能係同樣受過腳傷嘅爸爸李國寶（左），教過佢幾招快速康復法，所以佢仍可以健步如飛。程志遠攝
20061216-205,20061216,205,蘋果視窗：迫走公屋富戶刺激樓市,蘋果視窗：迫走公屋富戶刺激樓市 近年樓市死氣沉沉，谷極都唔起，網友Maytin喺《香港討論區》獻計，話如果政府肯拖埋一班公屋富戶落水，迫佢哋交番間公屋出嚟，咁唔單止做到善用社會資源，仲可以帶動中下價物業市場，到時樓市就有救，一舉兩得。  對於Maytin嘅提議，唔少網民都舉腳贊成，認為政府應該係時候重新審查公屋住戶入息，網友胡緊途更加忿忿不平指出︰「上市公司主席阿媽都霸住間公屋、街市阿嬸又可以輕易攞100萬CASH出嚟俾人呃，仲有好多揸的士、收現錢嘅行業，總之喺香港，你正常打份工不如做老散，否則得不償失，好多住公屋都喺大陸買咗樓，根本就係納稅人畀錢佢投資！」  網友chriswcw喺銀行打工嘅S.Q.A，亦踢爆好多公屋居民其實「禾稈冚珍珠」，銀行戶口有100萬現金並唔係奇事。 私樓質素差影響銷情 中下價物業市場，到時樓市就有救，一舉兩得。  對於Maytin嘅提議，唔少網民都舉腳贊成，認為政府應該係時候重新審查公屋住戶入息，網友胡緊途更加忿忿不平指出︰「上市公司主席阿媽都霸住間公屋、街市阿嬸又可以輕易攞100萬CASH出嚟俾人呃，仲有好多揸的士、收現錢嘅行業，總之喺香港，你正常打份工不如做老散，否則得不償失，好多住公屋都喺大陸買咗樓，根本就係納稅人畀錢佢投資！」  網友chriswcw喺銀行打工嘅S.Q.A，亦踢爆好多公屋居民其實「禾稈冚珍珠」，銀行戶口有100萬現金並唔係奇事。  私樓質素差影響銷情  當大家狂插公屋富戶嘅時候，身為公屋居民嘅小賤男就有另類睇法︰「其實係政府啲政策搞到啲人唔想買樓，佢哋太偏袒啲奸商喇，畀咗大半積蓄買層私樓，之後要幫地產商打死一世工，但最慘係生活質素冇改變到，反而差咗，例如買間600平方呎嘅樓，實用率得六成，我𠵱家住緊嗰度成500平方呎實用面積（公屋）就算我有100萬，都唔會買樓喇（雖然我冇），畀兩倍租都好過，因為住得好啲。」  香港現時有逾60萬戶公屋居民，當中有不少「隱形富戶」，政府好應該廣泛聽取民意，唔好再採取鴕鳥政策。
20061216-206,20061216,206,重組股權架構　作價市盈率僅12.4倍招商局擁蛇口碼頭80%,重組股權架構　作價市盈率僅12.4倍 招商局擁蛇口碼頭80% 招商局國際（144）與九龍倉（004）旗下現代貨箱重組深圳蛇口碼頭股權。現代貨箱斥資31.68億元，向蛇口1、2期碼頭另外兩名股東太古A（019）及鐵行購入所有股權，再與招商局成立新的合資公司，持有蛇口碼頭1至3期，最終持股量分別是20%及80%。 【本報訊】蛇口碼頭四名股東在整個重組各有得益。賣家固然可套現；重組後，招商局透過持有新合資公司八成股權，得以統一及增加在蛇口碼頭的控制權。招商局及九倉分別持股27%及68%的現代貨箱，增持1、2期，並得以參與3期發展。  交易作價等於05年市盈率12.4倍，較東方海外（316）上月底以05年市盈率65倍出售美加4個碼頭，可算是「抵到爛」。受到重組消息刺激，招商局昨日復牌後，[!9144]升7%，最後收30元升3.4%。太古收83.95元，升1.4%。九倉滯後一日停牌。 與現代貨箱組合營 重組首階段，招商局及現代貨箱分別持有新公司70%及30%股權，待第9個泊位，即最後一個泊位於09年底竣工，招商局會無償增持合資公司至80%股權。  招商局亦給予現代貨箱認沽權，可以合共39.6億元（太古及鐵行手持股權值31.68億元，現代貨箱持有1、2期各一成股權，值7.9億元），向招商局沽出手持新合資公司全部股權。  蛇口1、2期共有4個泊位，3期已有兩個泊位（5及6號）投入營運，7號泊位明年底前完成，最後兩個泊位09年底前竣工。根據重組協議，招商局要負責為7至9號泊位進行建設及安排融資。據悉，最後兩個泊位總投資約5億元。 美林調高盈利預測 分析員對整個重組反應正面。美林證券預期，收購價等於06年市盈率16倍，遠低於東方海外賣碼頭的作價。基於招商局在蛇口碼頭的持股量增加，併入賬目後，收入及營運現金流都會增加，故將招商局07及08年盈利預測調高2至3%。但由於交易對估值影響輕微，目標價維持35.8元。 蛇口碼頭現有股東得益 現代貨箱*：得以參與蛇口三期發展及增持一/二期股權  招商局：統一蛇口3個碼頭的股權，最終持有80%，可合併賬目，料有利調高碼頭運費  太古A：套現13.86億元  鐵行：套現17.82億元  *支付31.68億元收購價
20061216-207,20061216,207,破產申請上月升10%,破產申請上月升10% 【本報訊】破產管理署公布最新數字顯示，新申請破產宗數自過去兩個月回落後，11月再回升，較10月底上升10.5%至989宗，亦是今年繼8月後最高的破產數字。不過，銀行界普遍表示，不擔心破產宗數惡化，因本港經濟基調良好，未見某個資產領域的信貸質素響起警號。  今年首11個月破產申請宗數累計達9923宗，較去年同期累計9213宗升7.7%，11月破產申請989宗，較10月底895宗升10.5%，11月發出的破產令882宗，較上月1013宗減少13%。  恒生銀行（011）總經理（個人理財及財富管理業務）梁永祥說，上月破產數字微升，原因可能包括假期因素，他認為，現時香港經濟向好、百物興旺，相信上月破產數字微升屬個別事件。 李國寶不擔心惡化 東亞銀行（023）主席兼行政總裁李國寶昨日表示，根據過往數據，7及8月破產申請通常較平均500至600宗高，現時貸款質素佳，不擔心破產數字惡化，強調破產數字每月也有上落，應從整體趨勢評論。
20061216-208,20061216,208,投資部落：四叔炒股論網友唔BUY,投資部落：四叔炒股論網友唔BUY 論香港富豪人氣指數最高，呢期真係非李生莫屬……但唔係長實嗰個李生，係恒基個李四叔！唔計孻仔家誠結婚，淨講炒股賺200億被稱為亞洲畢菲特就夠巴閉！之不過，四叔究竟係咪真係稱得上新股神網民其實都幾有意見!  喺《香港討論區》裏面，網友大致上認為，近日四叔教人炒股其實都幾吹水！7ghk話：「教乜鬼吖，抽新股我唔識咩！」1225話：「有閒錢大晒，隻隻好嘢搵佢做股東、愈有就愈有。」kee007就話：「佢教我內部認購唔使抽仲好啦……」  而對於四叔引以為傲嘅「未沽過」論，kee07就咁睇：「佢大把錢使乜沽貨，IPO價連賬面上都未輸過，做乜要沽？」kee07認為：「佢只係贏一份勇氣，早過其他有錢佬大手入IPO股，基本上唔使乜買賣技巧。早已立於不敗之地，只係賺80億同100億分別！」  之不過就算大家唔認同四叔炒股心得，不妨參考吓佢嘅致富之道！四叔早前接受傳媒訪問嗰陣話，男人最怕入錯行，女人最怕嫁錯郎，如果想賺錢，選科個陣最緊要揀經濟、商科，人工一定會比其他行業高好多，而讀完書之後就唔好咁快結婚生仔，因為太早有家庭負擔就無得搏殺……當然最緊要係儲錢啦！
20061216-209,20061216,209,散戶連線：最靚上市公司女主席,散戶連線：最靚上市公司女主席 近排大家淨係顧住新股上市賺幾多，講得多都有啲悶，《香港討論區》網友zyzzve就搞搞新意思，問吓上市公司有乜靚女主席/董事/高層？有靚女大家就梗係醒神，佢拋磚引玉問：「除咗修身堂嗰個仲有冇？」修身堂嗰個咪就係主席張玉珊囉。  mrturtle回應：「78」，即係富豪酒店（078），相信mrturtle所講嘅係富豪主席羅旭瑞嘅掌上明珠、富豪執行董事羅寶文。雖然羅寶文都係靚女一名，但佢唔係做主席，所以佢唔算數。  瀝古瀝古就推介康健國際（8138）主席蔡加怡，即係玩具大王蔡志明個女。蔡加怡原本只係公司嘅執行董事，係10月26日先至被推選任主席，可以話新鮮出爐。  以上舉出嘅都係年輕靚女，但有網友唔睇外貌，而係着重內涵，luenfat53話：「冇人講九龍葉嘅……玖龍紙業（2689）主席廢紙變銀紙。」  今年10月公布的《觀潤湖2006胡潤百富榜》，玖龍紙業創辦人兼董事長張茵位居榜首，成為首位登上中國首富寶座的女性。在上月公布的《福布斯》2006中國富豪榜則名列第五。
20061216-210,20061216,210,滙豐售澳洲樓按組合,滙豐售澳洲樓按組合 【本報訊】滙豐控股（005）旗下澳洲滙豐銀行，已達成協議出售其經紀客戶之住宅按揭組合予FirstMac，有關按揭組合賬面總值約為22.6億澳元（136.5億港元），涉及逾1萬客戶。出售後，滙豐仍會保留其大部份澳洲住宅按揭組合，涉及未償還貸款額約45億澳元（271.8億港元），有關組合標誌着滙豐與客戶的直接關係，故予以保留。  澳洲滙豐將於07年2月16日以後，不再接受經紀客戶的按揭貸款申請，該行政總裁StuartDavis表示，出售非核心業務及資產後，滙豐可集中資源投放更具效益的領域。  另外，外電引述滙控發言人表示，集團在阿聯酋約3%員工（約123名），已接受了提早退休的安排，此舉是配合新技術的採用，提高了生產效率的結果。
20061216-211,20061216,211,恒指越萬九成交第三勁,恒指越萬九成交第三勁 港股受美股創新高刺激高開160點後，在70點範圍內窄幅徘徊，但午後傳出和黃（013）出售3G業務予中移動（941），隨即帶動恒指噴泉式波動，恒指在7分鐘內升84點，當傳聞遭否認，恒指1分鐘內急挫93點，3時半後又再重拾升軌，最高見19126，升207點（1.1%），最後收報19110，仍升191點（1.01%）。  由於3隻新股交投極度活躍，總成交金額達632.25億元，為歷來第三大成交日。 熱錢未走港股料上落市 輝立證券基金經理陳煜強稱，昨日市場焦點集中在國企、和黃、長實（001）、中移動及3隻首日掛牌新股，扣除3隻新股後，交投只是稍為增加至478.88億元。  雖然現時已臨近年尾，但熱錢仍流連不散，相信H股指數很大機會在下周升破9000點，再創新高，相反恒指仍維持反覆上落格局。 瑞銀估台股明年漲10% 另外，瑞銀發表報告指出，台股明年可望上升10%，主要原因是台灣金融、電子業下游及液晶體顯示器股份，業績預期平均增長可達21.5%，相信今年流入香港及中國的熱錢轉投台股。
20061216-212,20061216,212,債券基金一哥增持短債,債券基金一哥增持短債 美國國庫債券價格上周五先升後回順，僅短暫得益於溫和的消費物價指數（CPI），因為有投資者趁高平倉。全球最大債券基金太平洋投資管理（Pimco）增持3年期或以下的短期債券，打賭聯儲局明年一旦展開減息周期，此類債券可帶來最大回報。  美國公布CPI數據後，10年期國庫券價格應聲反彈，一度把孳息大幅推低0.09厘，創3個月來最大跌幅，低見4.51厘；其後有獲利平倉盤湧現，價格升幅盡失，孳息回升至上周四收市水平，無升跌。兩年期國庫券孳息跌0.02厘，收報4.72厘。全周計，10年期和兩年期公債孳息均升0.05厘。 賭美息明年底降至4.5厘 Pimco表示，截至11月底，其1年至3年期美國債券投資比重佔24%，高於10月時的19%，並且為去年8月以來最高。與此同時，該基金把5年至7年期債券比重從8%降到1%，是今年2月至今最低。Pimco投資總監格羅斯估計，現5.25厘的美國基準利率，明年底會降至4.5厘。  縱使美息趨降，但美元上周照升如儀，因為美國財政部指外資在10月份增持美國證券。歐元上周跌去1.23美仙（0.93%），降至1.3080美元；美元累積升1.84日圓（1.58%），攀上118.17日圓，是四個月以來升得最急的一周。
20061216-213,20061216,213,中行75億購星飛機租賃,中行75億購星飛機租賃 【本報訊】中國銀行（3988）宣布，斥9.65億美元（75.1億港元），收購新加坡飛機租賃公司100%股本，成為首家國有銀行成功收購海外資產。證券界引述中行昨日向分析員舉行的簡布會透露，作價相等於該公司今年度賬面值1.8倍，以及市盈率22倍，明年度預計市盈率17倍。相較近期完成的飛機租賃公司收購，作價介乎賬面值2.2至2.4倍，收購作價合理。  中行預計，該公司未來5年每年盈利可增20%，收購可為中行每年帶來約2000萬美元協同效益。收購完成後，中行將派人加入董事會。 料盈利增至1.2億美元 中行董事會秘書楊志威昨日傍晚就是項交易與證券界會晤，據會上透露，新加坡飛機租賃公司今年盈利約為5000萬美元，較去年底3700萬美元增長逾35%，中行預計，5年內盈利可增至1.2億美元，中行期望透過新加坡飛機租賃公司，建立成為亞太區「一條龍」飛機融資服務的平台，並增強該行非利息收益。  有分析員表示，中行現時的外滙持倉淨額，大部份投放在美國國庫券上，其孳息率回報約4至5厘，但投資在收購飛機租賃公司，以其年度盈利增幅達20%計算，折合每年回報率可達6厘，較為吸引。  中行發言人王兆文指出，是次透過一家全資附屬公司收購新加坡飛機租賃，該公司是全亞洲最大飛機租賃公司，擁有一支由63架飛機組成的機隊，並且代表第3方管理14架飛機。截至06年9月底止，新加坡飛機租賃的總資產達31億美元（242.3億港元），股本總額5.35億美元。
20061216-214,20061216,214,一網股事：中移動完成調整,一網股事：中移動完成調整 近排市場焦點去晒新股度，散戶開口埋口講邊隻新股最好炒。雖然新股認購已經截晒飛，但網上討論區仍然係新股天下，唔少人嫌「派彩」太少，喺新股掛牌後再追貨，呢啲咁高難度嘅動作，只適合一啲久經訓練嘅老手去玩，自問手腳慢就千祈唔好仿效，萬一走唔切就一手都係。  市場資金走晒去新股，一啲曾經集萬千寵愛嘅股份被打入冷宮，有時間不妨慢慢掘，話唔定執到寶。上網見有人提到中移動（941），隻股失寵咁耐，可以睇吓，上星期五收報62蚊，逆市跌10仙。 煲水新聞出埋就反彈 係《香港討論區》入面，6_qol提醒大家：「中移動見底，如果連和黃（013）賣3G畀中移動咁搞笑嘅消息都傳得出，中移動應該真係見底啦……每次當有呢啲搞笑消息傳出，跟住好快就會彈上去。」  雖然係煲水新聞，但aa0228都有啲擔心：「如果佢真係接咗13個3，咁就慘啦，有排跌。」  6_qol就冇有怕：「941自己嘅3G都未搞掂，又點會接人哋嘅3G呢。」  中移動今年6月中由39蚊附近起步，連升5個幾月都冇乜回過氣，上月頭最高去到69.70元至回吐。  隻股忽然由升市火車頭變成跑輸大市，其中一個原因係之前累積升幅太大，積聚咗大批獲利貨，當70蚊阻力連試3次都唔穿，揸咗貨嘅選擇走為上着實在唔出奇。  撞啱內地3G發牌日子漸漸逼近，市場擔心中移動日後開支大增，影響未來幾年盈利，令股價持續受壓。事實上，3G業務會唔會成為中移動嘅負累，暫時言之尚早，市場要㩒住股價，梗有一大堆假設。  照圖睇，中移動上月28號跌穿三角形整固形態，量度跌幅約60蚊。隻股反覆跌咗兩星期，已完成調整，但係短期唔好期望有好爆炸力嘅反彈，第一個反彈目標先睇65蚊，儲夠力後再挑戰70蚊。  余文
20061216-215,20061216,215,財經網聞報料站,財經網聞報料站 《蘋果》財經網聞版請你報料！世事千奇百怪，大家無論在網上網外發現任何古靈精怪的財經趣事，都歡迎提供文稿、照片或短片資料，與讀者齊齊分享，一經採用，可獲酬100元。  請附姓名、電話及電郵地址，電郵到：business@appledaily.com
20061216-216,20061216,216,包浩斯半年多賺18%,包浩斯半年多賺18% ▲包浩斯（483）公布截至9月底止中期純利2081.2萬元增加18%；每股盈利5.9仙，增加9.26%；中期息維持2.5仙。毛利率微跌1.6個百分點至63.1%。本港平均單價增6.6%至380元。主席黃銳林稱，上海首間店舖首月已有盈利，明年首季在當地增3新店，並於台灣崇光設專櫃。
20061216-217,20061216,217,投資名言：新興股市下調壓力增,投資名言：新興股市下調壓力增 環球股市經過今年5月份的大幅調整之後，現時不但已重納升軌，而且個別股市指數更先後創下歷來新高。但與此同時，環球投資者的風險取向於過去數個月亦有增無減，我們的投資情緒指數顯示，新興市場的情緒已重回今年4月初的「亢奮」水平。資金不斷流入並推動股市向上，惟某些新興市場的估值現時已不再便宜，展望未來數個月，整體新興市場的波幅料將擴大。 根據過去6年的經驗，我們發現新興市場曾出現6次較大規模的向下調整（見附圖），當中我們值得留意的是：（1）即使在牛市之中，一旦投資情緒變得亢奮，新興市場往往亦會出現大幅調整；（2）過往的調整，平均跌度為17%至18%，而且平均每隔12個月便出現1次；（3）由2006年6月至今，新興市場再沒有出現明顯的調整。雖然我們曾預測，07年環球股市，會在美國經濟出現軟着陸及息口見頂等良好基本因素支持下而繼續造好（詳見12月3日本欄）。但綜合以上3點，我們預料持續的亢奮情緒，會為來年股市（特別是新興市場）構成一大不穩定因素，亦為投資市場的一大潛在風險所在。  以今年5月份的調整為例，當時新興市場及商品市場，亦曾出現類似的亢奮情緒，適逢新任聯儲局主席伯南克上任不久，市場擔心聯儲局可能會主張透過持續加息來進一步遏抑通脹，導致政策出現失誤的不確定性增加，打擊當時環球投資者對風險的取向，同時亦令到MSCI新興市場指數於短短一個月內出現25%的下調，相對當地美國標普500指數的8%調整幅度，前者受到情緒逆轉的影響不容忽視。  引發新興市場出現調整的因素包括以下幾點：  （1）美國經濟放緩幅度較預期為高，引發投資者對環球企業增長的疑慮，降低對承受風險的意欲。 長線仍然樂觀 （2）個別新興市場推出較緊縮的經濟政策，以印度為例，政府於12月11日出乎意料地把銀行儲備金比率調升50基點至5.50%，增加了市場對印度央行於未來月份進一步加息的預期，印度孟買30指數於隨後兩個交易日內蒸發了超過800點。除了印度股市之外，中國市場亦存在政策上的風險，雖然人民銀行於今年4月及8月份已連續兩次加息，但中國第3季經濟增長仍高達10.4%，10月份市區固定資產投資的增長率亦高達26.8%，整體經濟持續過熱，未來中央若增大調控力度或會成為市場調整的藉口。  （3）日圓兌歐洲及其他主要貨幣持續創新低，反映透過借日圓來買高息及高風險資產的投機風氣仍然旺盛，預料明年日本央行有可能會加快加息步伐，這將導致日圓轉強及套息活動逆轉的機會增加，若這情況出現，新興市場將要承受龐大的下調壓力。  我們對短期市況較為審慎，但就2007年全年而言，我們對整體環球股市仍抱樂觀態度。美國經濟軟着陸、企業現金流充裕，加上環球借貸成本低企，造就更多收購合併活動，從而推動整體股市表現。但就短期而言，預料未來數月，股市受情緒因素左右，將變得較為波動，其間投資組合不宜過度持有單一高風險資產類別。  潘國光　投資策略及研究部主管  Citibank環球個人銀行服務
20061216-218,20061216,218,王軍任港建榮譽主席,王軍任港建榮譽主席 ▲香港建設（190）行政總裁黃剛表示，委任中信集團前董事長王軍，擔任公司非執行董事兼榮譽主席，冀王氏能協助內地業務發展。他續稱，集團的內蒙風力發電場，已進行測風4個月，料第一期最快08年底建成，總投資12至13億元人民幣。
20061216-219,20061216,219,暢談富論：期待07年日股有驚喜,暢談富論：期待07年日股有驚喜 06年下半年環球股市百花齊放，新興市場表現更為突出，惟獨日本市場乏善足陳。TOPIX及日經225指數經過05年回報分別高達40%以上（以日圓計算．下同）後，06年3月開始自高位回落。截至2006年12月12日，TOPIX及日經225指數之年初至今回報分別為－1.23%及＋2.56%，表現遠遜於亞太區其他市場。日本股市被過份看淡，會否正是入市良機？  回看06年日本股市表現反覆，日經225指數3月份至6月份之跌幅主要跟中日關係緊張、首相選舉及擔心美國經濟硬着陸等不明朗因素有關，加上股市已累積一定升幅，令於05年大量流入之國際資金紛紛撤走。其後股市反覆上揚，雖未見有動力突破3月份高位，但亦穩守16000點附近之近5年高位。  過去數月公布之數據好壞參半，亦是造成股市窄幅上落的原因之一，例如消費物價指數（除食品外）、企業商品價格指數及機械定單按年升幅等等，均接近零甚至負數。第3季國民生產總值按年上升0.8%，低於預期之2%，更顯示本地消費甚至整體經濟增長有放緩迹象。不過，同一報告亦指出，第3季資本開支升幅達12.2%，雖較第2季16.6%之強勁升幅為低，仍屬於明顯增長，同季企業盈利更比上一季增長15.5%。由此可見，單看時好時壞的短期數據，確實令投資者難以掌握股市動向。 宏觀及基本因素皆可取 若將眼光放在宏觀及基本數據上，即可看見一些較為明確的正面訊息。先看基本因素，日本經濟在03年出現結構性變化，其中一項重要數據是失業率。隨着經濟衰退，日本失業率從90年代初的2.2%一直攀升至03年的5.5%，之後逐漸回落。過去5年，日本企業大致上完成重組及改革，03年起企業紛紛擴張及增聘員工，失業率在今年11月已跌至4.1%的8年低位。  此外，其他困擾着日本經濟的問題，例如金融機構壞賬及通縮，近年已得到明顯改善，土地價格亦重拾升勢。日本出口持續增長，9月份貿易盈餘按年上升6.9%，外滙儲備亦跟隨中國穩佔全球第二。安倍晉三在9月份成為新任首相，並表示將致力推動經濟增長，各項基本因素均顯示日本正邁向長線經濟復蘇，即使短期步伐有所放緩，經濟再陷入長期衰退的機會應甚微。 日經指數現長線升勢 03年對日本股市來說也是轉捩點。日經225指數自90年代初一直下滑，股市下跌過程中雖然有反彈（例如95年中至96年中、99年等），但往往跌幅比升幅大。03年跌至谷底7607點後回升，之後情況剛好相反，整體升幅比跌幅大，開始形成長線升勢，累積至今，升幅已達110%。  06年的上落市況其實有迹可尋，情況或與04年類似。03年日經225指數回報達＋25.76%，正當投資者憧憬牛市出現，04年日經全年回報卻只得＋8.56%，累積的上升動力其後在05年釋放。實際上，06年日本的基本數據整體比05年升市時更佳，加上日經指數的PE已由年初的41倍調整至35倍，估值相對吸引，在各種基本因素支持下，且看日本股市於07年會否給投資者一個驚喜。  富蘭克林鄧普頓投資
20061216-220,20061216,220,國航11個月乘客增14%,國航11個月乘客增14% ▲中國國際航空（753）昨公布，今年1至11月載客2909.8萬人次，載貨76.3萬噸，較去年同期增長14.1及15.1%；載客及載貨率分別是76.4及53.5%。
20061216-221,20061216,221,衍生創富：ELI打和點怎樣計？,衍生創富：ELI打和點怎樣計？ 在股票掛鈎投資（ELI）的條款中，清楚列明了年息、參考價、投資期等細則，卻不能從中找到打和點這個數據。然而，打和點正是衡量ELI在甚麼水平，投資者可平手離場的數字，其重要性不言而喻。  ELI的打和點，可透過年息和參考價兩個數據推算出來。 衡量風險與回報 以一隻中國人壽（2628）44天期ELI為例，參考價98.5%，年息23.37厘，購買價百分比97.26%。假設國壽於投資當日的收市價為19元，投資額10萬元，由於看漲ELI的年息在投資初期已確定，而且投資者可先取得利息，就上述例子而言，投資者實際所需支付的本金為97260元（即10萬×97.26%），收取的利息則為2740元。到期時倘若正股收市價低於參考價，便需以參考價水平接收股份，接貨水平將為18.715元（19元×98.5%），但這並非ELI的打和點。  要計算打和點，先要找出接收股份的數目，即將10萬元除以參考價，股份數目約為5343.3股。只要把已收取的2740元利息除以5343.3股，便得出每股利息約為0.512元，再將參考價減去每股已收取的利息，便能計算出打和點為18.203元。  計算打和點時，必須知道ELI的年息、參考價及購買價百分比等條款，有關條款可於相關發行商網站查閱，投資者可加以參考，並從中衡量箇中的風險與回報。  註：數據以麥格理ELI產品為基準  麥格理證券（亞洲）有限公司衍生工具部
20061216-222,20061216,222,華夏醫療2供1集資,華夏醫療2供1集資 ▲華夏醫療（8143）宣布2供1供股計劃，發行3.51至3.68億股，每股供股價8仙，較停牌前折讓67.35%，集資不少於2806萬元，為未來投資項目提供資金，及營運資金。
20061216-223,20061216,223,錦言堂：國壽輪獨領風騷,錦言堂：國壽輪獨領風騷 上周聯儲局議息會議前，港股先反彈後回落，周三曾急跌200點，但跌近18600之50日平均線水平有支持，周四及周五恒指掉頭回升，又再突破19000點關口，中資股表現更強，H股指數回落至20日線已掉頭回升，周五升抵9000點關，再創歷史新高。  在反覆之市況下，上周窩輪成交量有所縮減，平均只得90億元，相信主要是由於恒指表現較飄忽之下，恒指輪成交減少；另一方面，中資金融股之中獨中國人壽（2628）最強，令股份窩輪成交集中在國壽身上，其他中資銀行股窩輪成交減少。 發A股可憧憬 事實上，國壽的而且確破位走勢明顯，9.38元阻力位屢闖不破後，周四獲大陽燭突破，周五再升逾5%，成交大增，已確認一次強勢突破，後市反覆試頂的動力大增，除了正股成交增加，窩輪成交也急劇上升，上周五國壽輪佔窩輪總成交達到23.7%。  本周或刺激中資股繼續上揚的因素，包括美國財長訪華後，或有人民幣加快升值的消息，另一方面，國壽周五審議發行A股後，最快可在元旦後發行A股，如發行價高於市場預期，及有重量級策略投資者入股，也對股價有利。  如看好國壽短期走勢的投資者，可留意中期貼價認購證6119。6119行使價20.28元，明年6月初到期，提供5.7倍實際槓桿，引伸波幅約33.3%。    作者李錦為證監會持牌人士，作者及其聯繫人目前持有滙控（005）及和黃（013）的財務權益。
20061216-224,20061216,224,海油服務擬發20億債,海油服務擬發20億債 ▲海油服務（2883）宣布，向股東尋求一般授權，以發行金額不超過20億人民幣的長期債券，預計所得款項用作建造及改造鑽井船、購買及建造化學品船及油田工作船、改造物探船及建造多功能工作台及營運資金。
20061216-225,20061216,225,強積金基金參考報價資料,強積金基金參考報價資料
20061216-226,20061216,226,華創全購兩啤酒廠,華創全購兩啤酒廠 ▲華潤創業（291）宣布，佔股51%附屬華潤雪花啤酒（雪花啤），全面收購山西及內蒙兩啤酒廠，分別作價1.39億元及3700萬元（人民幣．下同）。雪花啤兩年內額外投資9000萬元，提升山西廠設備，產能將由15萬增至25萬千升。內蒙廠亦額外投資2000萬元，將產能由5萬增至6萬千升。
20061216-227,20061216,227,新股發熱　影子股掂FollowMe：2345等爆升,新股發熱　影子股掂 FollowMe：2345等爆升 1)新股發熱，影子股掂檔。中國交通建設（1800）上周五首日掛牌，最高7.80元，比招股價4.60元，大升70%。影子股上海集優（2345）蓄勢待爆升，今周出擊對象就揀呢件。  中交建設主業基建與機械製造，招股預測06年度（12月年結）加權每股盈利0.253元，以7.80元計，PE高至30.8倍，收6.33元，PE仍達25倍。  上海集優產銷葉片、軸承、刀具與電動機，部份業務與中交建設相似，05年度（12月年結）盈利大增1.1倍，06年上半年再增1.2倍至1.47億元（人民幣．下周），今年4月招股時預測全年盈利2.25億元，增6.8%。 PE抵好多 以上半年進度超乎預期計，下半年若保持進度，全年盈利超標機會極大。05年下半年所賺比上半年多2%，今年情況相若，全年盈利便達2.97億元，增1.2倍，每股加權盈利0.24元，PE僅11.8倍，比中交建設預測PE25倍，仲有53%折讓。  再以NAV比較，中交建設每股NAV1.72元，P/B高至3.68倍。上海集優06年6月底每股NAV1.58元，P/B僅1.79倍，折讓51%。 打7折見4.2元 以PE打個7折，上海集優值17.5倍，可見4.2元。以P/B打個7折，值2.58倍，可見4.08元。取其平均數，以4.15元為中長期目標，相當合宜，上升幅度47%。  上海集優比同業落後，比同系姊妹公司亦落後。上海集優大股東係上海電氣總公司，與另一上市公司上海電氣（2727）同出一系，後者05年4月上市，現價3.15元，比招股價1.70元，累升85%，H股市值去到93.6億元，相較之下，上海集優只比招股價升35%；市值21.5億元，只及姊妹公司23%。既然一脈相承，股價若同升85%，上海集優可見3.89元，屆時預測PE16.2倍，仍比上海電氣PE18倍為低。  上周五，上海電氣單日升9%，上海集優只升3%。上海集優有唔少生意來自上海電氣，上海電氣掂檔，冇理由上海集優唔掂檔。走短線，炒同氣連枝，上海集優已經諗得過。  上海集優上周五既能一度平上次反彈高位，短期可挑戰52周高位3.30元，向目標邁進，上車趁早。 五礦加碼 2)今周副選加碼買入五礦資源（1208）。FollowMe9月24日推介五礦前收2.26元，11月27日升至2.55元，只升13%，落後大市。上周收2.33元，仲係落後，係時候加碼。  五礦10月發行10億元零息可換股票據（CB），2011年期滿，換股行使價2.925元，比現價仍有26%溢價，等同有同幅上升潛力。五礦得資為買母公司一流資產，肯定受惠。  這批CB由JP摩根擔任獨家發售賬簿管理人兼經理人，由基金悉數認購。寧可唔收息，基金要賺錢交代，股價起碼要升越行使價，賺價補息。CB編號1508，即將在聯交所掛牌，五礦到時即可上演好戲，目標價堅定4元不變。 基金股東粒粒巨星 上海集優（2345）被市場視為「基金愛股」，有證有據。連同摩根大通持有13.9%H股居首，共有6個基金持5%以上，依序為CapitalGroup、WellingtonManagement、寶源、中國社保基金與FirstStateInvestment，陣容鼎盛，粒粒巨星，其中Wellington與寶源最近均有增持行動。  基金入股信心必來自基本條件吸引，上海集優盈利前景則來自又大又穩定嘅客戶來源，手上大客計有通用電氣、東芝、日立、國家鐵路局與中國太空總署等，又係粒粒皆星。  有兩條大柱頂住，上海集優遲早破頂而上。  高彰坡
20061216-228,20061216,228,高院入稟狀速覽,高院入稟狀速覽
20061216-229,20061216,229,大道東蚊型項目收19意向合中小發展商脾胃,大道東蚊型項目收19意向 合中小發展商脾胃 今年兩鐵及政府拍賣的土地，不論大細都幾乎由大發展商囊括，中小型發展商土儲告急，因此市區重建局昨日截收意向書的灣仔皇后大道東235至245號「蚊型」項目，自然成為中小型發展商補充土儲的目標，市建局表示，共收到19份意向書，短期內會邀請合資格財團入標。 【本報訊】市場消息稱，與市建局合作發展灣仔嘉薈軒的嘉華國際（173）、及灣仔尚翹峯的華人置業（127）一早已經「報名」，而灣仔地膽合和實業（054）、南豐、俊和（711）及泛海國際（129）等均有入意向書。  記者昨日下午到場觀察，只見有3名人士入意向書，其中兩名自稱代表有利建築及怡華建築，另一名則不願透露身份，場面頗為冷清，相信大部份發展商已於較早時間遞交意向書。另外，由於項目「蚊型」，相信大發展商如新地（016）、恒基地產（012）及長實（001）等參與機會不大。 裕泰興贊成恢復賣地 對於「蚊型」項目亦接獲多家發展商有意競投，中小型發展商之一的裕泰興董事總經理羅守耀，雖然未肯透露有否遞交意向書，但他認為情況反映本港地皮供應不足，令大財團亦不放過細地皮。他批評現時土地供應不平衡，部份發展商惟有將資金轉投海外地產市場。政府某程度上的管制，令土地供應處於低水平，贊成恢復定期賣地，以紓緩發展商土地儲備緊張。 落成呎價逾5500元 第一太平戴維斯估價及專業顧問董事總經理陳超國表示，市建局及兩鐵項目招意向一向反應熱烈，因發展商都「唔想執輸」，先取得入場券後再決定是否入標。他指出，項目規模極小，相信只吸引中小型發展商，加上他們今年幾乎沒有補充到土地儲備的機會，即使積極勾地，亦難以在拍賣場上與大發展商匹敵，惟有轉投這類小型項目。他認為，若未來勾地機制不變，中小型發展商都只可以競投這些小型項目，或向聯合標售重建項目埋手。  皇后大道東235至245號去年已完成清拆工程，可建總樓面3.52萬方呎，屬單幢樓，提供約50個住宅單位。市場估計項目總投資額約1.5億元，落成後平均呎價逾5500元。 項目資料 地盤面積：4070方呎  地積比率：8.65倍  可建樓面：住宅2.99萬方呎（50伙）	　　　　　商業5307方呎  預計落成日期：2009年
20061216-230,20061216,230,一周兩件：寶佳：獨家影子股,一周兩件： 寶佳：獨家影子股 新股興達（1899）將喺嚟緊星期四上市，獨家炒影子股得首長寶佳（103），寶佳要買。寶佳同興達一樣，主打業務子午線輪胎鋼簾線，後邊隻興達，06年度（12月止）預期PE講緊10.9倍至15.3倍，招股後P/B1.9倍。影子股寶佳，預期07年度（12月止）PE7倍，現價P/B，亦不過0.9倍，好抵買。  再講，呢期新股炒到癲，唔少新股一上市，較招股價翻半番，視作等閒。若然情況持續，興達一上市，預期PE分分鐘又唔係8倍、10倍嘅水位，寶佳吸引力自自然彈出嚟。又興達有富豪級嘅金手指四叔做生招牌，寶佳亦唔弱，呢期引進全球龍頭同業Bekaert做策略性股東，Bekaert協議入股寶佳，配股價每股0.65元，又同寶佳現價（0.67元）差無幾。博寶佳現價翻半番，到時，07年度PE都係10倍鬆少少。 大褔買定等破位 大褔（665）喺1.57元半年阻力軌前橫行，買定等破位。大褔06年度中期（6月止）純利升1.7倍去到8230萬銀，已經超出05年度純利6295萬銀。港股下半年靚爆鏡，照計，大褔下半年純利，起碼可以睇齊上半年水位，全年度純利1.6億銀，PE不過5倍。  再講，呢期中資金融股炒到飛起，大褔又計劃發展祖國業務，有concept。博試番1年高位兩蚊，潛在回報率30%，預期PE不過7字頭，抵博。  錢雋
20061216-231,20061216,231,投資萍語：炒A股概念要識篩選,投資萍語：炒A股概念要識篩選 上周港股表現依然波動，恒指收市重上19100水平，H股指數亦直迫9000點大關。其實，恒指或H股指數近日的升勢均輪流由不同股份推動，前者以落後的長和系、地產股為主，後者則再度以保險、石油、石化股為主導。以這種趨勢發展來看，恒指在年底前仍有機會上試19404點的歷史高位，H股指數亦再創新高，惟大市仍然波動及偏向個別發展。  以近期國企股表現來看，早前由保險、銀行、地產股推升，其後又以石油、石化及個別原材料股推動。近日市場更將H股與內地A股的關係拉近，令到一些正籌劃在內地A股上市的H股受到追捧。其實，過去幾年，市場已多次以H股對A股股價折讓作為炒賣藉口，令H股備受追捧。不過，今次H股與A股的關係卻非單純以股價折讓為重點，而是憧憬H股在內地A股上市對相關H股股價的刺激，而中國人壽（2628）將發行A股上市更令到這個刺激因素凸顯出來，一時間，市場亦淡忘了過往憂慮增發A股對H股帶來攤薄影響的負面因素。  筆者相信，市場對增發A股的看法突然改變，主要因為A股走勢持續上升，加上多隻A股新股上市均錄得不俗升幅。其實，中國政府官員早已表示，明年將鼓勵更多企業在A股上市，此舉有助扶持內地股票市場發展，亦紓緩內地對國營企業在海外「平價」上市問題的爭論。因此，預期未來仍會陸續有更多H股在內地發行A股。 勿以股價折讓為焦點 中國政府恢復容許發行A股上市以來，今年在港上市的H股亦先後有中國國航（753）、北京北辰（588）等在內地A股上市，而A股、H股同步上市的亦有中國工商銀行（1398）。北京北辰A股於10月18日上市，股價曾漲升逾倍，帶動該股份H股上升（近日調整亦較明顯），因此，一些正在進行或擬在內地發行A股的H股亦成為追捧對象，其中包括廣深鐵路（525）、中國人壽、平安保險（2318）及大唐發電（991）。  雖然發行A股將集團總發行股份數目增加，令每股盈利被攤薄，但上述4間公司發行A股集資均作業務拓展及收購資產之用，其中保險、鐵路行業仍在增長階段，公司能掌握市場發展而集資，對未來業務及盈利均有幫助，足以抵銷增發股份造成之攤薄影響。但大家亦需留意，個別發行A股上市的公司，可能對H股股東造成攤薄壓力。以中國鋁業（2600）為例，由於集團在A股上市所發行的股份是為旗下兩間公司股改而賠償予A股股東，因此不能直接與前述的公司相提並論，而市場憧憬A股上升對H股帶來刺激，料亦不能單以兩者股價折讓為焦點，以業務前景計算，中國人壽、平安保險上升空間仍大，廣深鐵路短線仍有吸納價值。  熊麗萍　滙業財經集團證券部主管  作者熊麗萍為證監會持牌人士
20061216-232,20061216,232,大地產商爭奪機會微,大地產商爭奪機會微 市區重建局由04年至今，共推出8個重建項目，以南豐發展投得的大角嘴櫻桃街項目規模最大，總樓面45.9萬方呎，共提供606伙。其次為嘉里建設（683）投得的西營盤第一及第二街項目，及信置（083）投得的荃灣楊屋道項目，總樓面分別達42.5萬及41.4萬方呎。 市建歷來最細項目 其餘5個項目規模均細小，總樓面由5.18萬至21.8萬方呎。但是次招意向的灣仔皇后大道東地皮，總樓面只有3.52萬方呎，可算是歷來最「蚊型」的項目。早兩年發展商求地若渴，即使是細項目，亦有大發展商爭奪，如新地（016）於04年投得深水埗保安道項目，總樓面只有13.5萬方呎。  不過，今年主要的大發展商已在市場吸納不少地皮，如新地投得的荃灣青龍頭地皮及屯門站上蓋項目；恒基地產（012）買入灣仔金國及國民大廈逾90%業權、長實（001）亦投得馬鞍山地皮、地鐵將軍澳夢幻之城第2期及九鐵大圍維修中心上蓋項目，相信對「蚊型」項目的興趣會大減。
20061216-233,20061216,233,網民表態：和黃賣3G兩個理由,網民表態：和黃賣3G兩個理由 儘管「日理萬機」的李嘉誠和霍建寧一直力撐旗下各地3G業務「掂」兼夾「唔急要賣」，但外間一直認為、甚至「睇死」佢哋「必賣無疑」，亦藉住呢個「利好消息」將和黃（013）呢隻藍燈籠的股價炒上去！好似噚日係咁而傳話3UK會賣畀中移動（941）或者中電信（728），和黃即刻有反應，咁如果和黃真係要賣3G，究竟係好定係唔好呢？  大部份人認為，假如和黃將3G呢個止唔到血的腫瘤切除，前景一定美好，「股價更加可以即時彈上90蚊或樓上」，大家都覺得Bloomberg啲料「唔會流得去邊」，佢哋又認為，超人要賣3G仲有兩個理由：一「係幫和黃收拾殘局……玩退休」；二係預備筆錢「隨時用嚟貼楷仔」。 「真係咁正使乜要賣」 至於傳咗咁耐點解仲未賣得成，網友認為，係超人仲未同人哋傾好價錢，因為佢自己認為3G個價唔止咁平……之但係亦有好多人認為，啲風係和黃自己吹出嚟，搞到自己檔3G有價有市，而假如3G真係咁正，又使乜要賣？又點會賣極賣唔出呢？
20061216-234,20061216,234,皇府山劈價三成售20伙,皇府山劈價三成售20伙 【本報訊】發展商及代理雖然繼續大力唱好明年樓市，但始終難敵整體市道牛皮不振的殘酷現實，故不斷將貨尾減至二手市價發售。新鴻基地產（016）日前以公布上水皇府山第8座「曉峰」少量單位售價作幌子，昨日正式將1至7座約200個貨尾單位推出發售，平均呎價約3700元，較去年或今年中推售時，大幅降價25至30%。據悉，昨日售出約20個單位。 低調接受買家洽購 新地日前正式宣布推售皇府山第8座「曉峰」單位，並明言不會減價，首批24個單位，平均呎價約4400元。然而，據了解今次新地第二度重售皇府山，志不在第8座，而是第1至7座約200個貨尾，以及約30多個撻定單位。前晚開始，發展商已低調接受買家洽購，昨日更只在會所售樓處外搞推廣活動，真正有興趣認購的買家，才在售樓處內另闢房間詳細洽談，並出示真價單。據市場透露，至昨日皇府山累積售出近20伙。  今次降價的皇府山貨尾，平均定價每方呎約3700元，如揀即供付款，更可再減3%；與去年或今年中重售時相比，減幅超過25%。例如7座12樓E室，最新定價281萬元；與今年中售出的同座11樓E室相比，減幅近27%（見表）；以即供價計，更大減接近30%。減幅看似很大，卻只是新地面對現實，將售價調至二手市價水平，因該屋苑今年初入伙至今，只有13宗成交，最近成交呎價徘徊在3700至3800元水平，而且現時約有150個二手放盤，平均叫價只約4100元，如新地堅持不減價，實難賣樓套現。 影岸．紅、嵐岸傳賣15伙 事實上，除新地外，長江實業（001）、華人置業（127）、南豐集團及恒基地產（012）等，均有減價賣貨尾的行動。而今年高價推售的全新樓盤，也難保明年入伙後，發展商不會劈價重售。  至於市場其他一手樓盤，如恒地的大埔比華利山別墅，昨日只售出兩間排屋；而東涌影岸．紅及馬鞍山嵐岸，發展商香港興業（480）及長實雖分別表示售出24伙及41伙，但市場消息指出，實際只分別售出9伙及6伙，而且兩盤昨日準買家參觀示範單位的情況一般。  另外，中原地產研究部統計，截至本月13日止，住宅一手登記量約804宗，其中屯門豫豐花園、荔枝角曼克頓山及將軍澳豪庭佔首3位，分別有360、172及65宗。該行預計全年可達1.3萬宗水平。
20061216-235,20061216,235,浪圖盡：H指邁向10100-10400點,浪圖盡：H指邁向10100-10400點 過去一年升市，主要由中資股所帶動，由03年中的低位起計，三年半以來，H股指數升幅達三倍半，究竟這個升浪何時告一段落？  H股指數由97年高位掉頭回落到98年低位1551點後，為另一新循環開始。  由98年8月的1551點開始升抵99年7月高位1969為大浪I的上升；隨後一直反覆爭持到2001年10月的1677低位後才開始反覆上升，由99年7月到2001年10月這段徘徊區，可視作為大浪II的整固。  2001年10月至今則為大浪III的上升過程。其間大浪III亦明顯以5個中浪形式上升；中浪（1）為2002年6月的2265，中浪（2）為02年10月的1745點，中浪（3）則為2004年1月的5440，隨後的中浪（4）則以不規則「三角形」形式運行至2005年5月的4485。  自2005年5月開始為大浪III的中浪（5）上升過程。這段升浪，又可以劃分為5個「小浪」，小浪1為05年8月中的5541點，小浪2為05年10月底的4663，小浪3為06年5月中的7468點，小浪4則為06年6月中的5846點。 整固已完成 由06年6月中開始，為大浪III中浪（5）的小浪5上升過程，以中浪（5）過去幾個浪的運行模式推算，小浪5的高位區在10100左右。  小浪5亦以5個細浪形式上升，細浪(1)為06年8月中的7094，細浪(2)為06年9月中的6810，細浪(3)於11月底的8800完結，隨後出現細浪(4)以「三角形」形式作整固，徘徊於8800/8500之間。  以上周四、五的表現，顯示細浪(4)的調整已完結，現時開展細浪(5)上升，亦即推向小浪5的頂部。以當前小浪5的運行過程計算出的頂位在10400附近，與先前根據中浪（5）過去幾個浪所計算出的小浪5高位在10100區域相近；因此10100/10400會為今次升市的第一個目標區，完成這段升浪後會現大浪IV的調整，隨後再運行大浪V的上升，屆時目標可達14400左右。  本周策略：  H指已於近兩周完成整固，目前開展另一細浪(5)上升，目標為10100/10400，短線仍可以追進，以20日線為止蝕。  王逸
20061216-236,20061216,236,比華利山別墅可洽購,比華利山別墅可洽購 【本報訊】山頂豪宅地皮拍賣在即，恒基地產（012）的大埔比華利山別墅，趁豪宅市道勢旺，採取接受出價洽購方式發售。發展商表示，首階段計劃推售12幢8500至1.1萬方呎「皇宮屋」，昨晚在現址舉行煙花晚會，招待友好參觀，藉以測試市場反應。 昨晚未見成交 恒基地產營業部總經理謝偉銓表示，經濟向好，今年豪宅價格跑贏大市，而下周二拍賣的山頂地皮，屬難得的山頂靚地，料競投激烈，造價理想，旗下的豪宅亦不急賣。  發展商昨開放該盤佔地50萬方呎的會所，設有50多項設施，其中全港屋苑首創的室內小型賽車場，賽道達350米。亦設有保健室，乃恒基與仁安醫院合作，安排執業醫生駐診。  恒基地產副主席林高演昨表示，中港兩地股市暢旺將帶動樓市，預料下周二山頂地皮拍賣競投熱烈，集團有興趣競投。同時，集團看好明年樓市，估計豪宅可升20至30%，集團07年賣樓量不少於今年，料2000至3000伙。謝偉銓則指，今年截至12月，集團賣出逾2500伙，套現85億至88億元。
20061216-237,20061216,237,南豐勾屯門地5度失敗,南豐勾屯門地5度失敗 【本報訊】有發展商上月向政府申請勾屯門青發街住宅地皮及荃灣楊屋道商業地皮，但均被拒。前者更是由南豐發展或有關人士今年發動的第5次申請，惟未能如願。相信經過上月底及下周二的拍地後，勾地申請或會暫停。  至於楊屋道商業地皮，應是自有勾地制度以來，首次有純商業地皮被勾。該地面積約15.2萬方呎，可建樓面達144.8萬方呎，可作寫字樓、商場及酒店發展，市場估計市值最少50億元以上，地皮附近有華懋集團如心廣場及信和置業（083）的兩個商住項目。  另外。由環保團體建議將紅磡貨場對開碼頭發展為4層高的旅遊休閒區，城市規劃委員會認為，政府正進行為期一年的海港發展檢討研究，及該位置是唯一有可接駁陸路火車的海上運輸地點，故未有接納建議。 太元油塘地獨建失敗 另太元集團（620）梁氏家族等，要求改變其持的油塘灣地皮用途作住宅（戊類），方便獨立發展，但城規會認為，油塘灣應整區發展更合理，故不接納其申請。
20061216-238,20061216,238,基本攻略：買焦點股好過追新股,基本攻略：買焦點股好過追新股 美國聯儲局一如巿場預期，維持息率不變，同時在會後聲明中指出，通脹風險仍然存在。筆者認為，巿場早已預料聯儲局會繼續關注通脹問題，並無太大新意，對金融巿場沒有太大影響；恒指於上周三一度急挫超過200點，相信與聯儲局議息會結果關係不大。反而，近日印度股巿從高位大幅回落，卻引起投資者留意資金對新興巿場的動向，因為一旦整體新興巿場真的出現很大回吐壓力，有機會影響中資股的估值。幸而，印度股巿隨後大力反彈，亞洲區內股巿亦回復升勢，令港股化險為夷。恒指成功守穩在50日平均線之上，保持窄幅整固局面，技術走勢未有轉壞，待新股凍結的資金釋放後，港股會有較佳的表現。  在兩大重磅藍籌股滙豐控股（005）及中移動（941）缺乏上升動力下，恒指大部份時間在18600點至19000點之間窄幅上落。不過，個別熱門股份如港交所（388）、中華電力（002）、信和置業（083）及中國人壽（2628）的股價於上周仍能創新高，反映整體巿況氣氛仍佳，勝負關鍵明顯是取決於能否選中焦點股份。 國壽中線看24元 認購新股或短炒新股明顯是過去兩周的主題。中通信（552）股價於短短幾個交易日內可升至較招股價高出一倍，帶動其他接着招股的股份受追捧，不少新股的孖展借貸額在招股首日迅即告滿額。不過，不少新股在掛牌後急升了兩三成，估值已變得昂貴，高追風險頗高，容易中伏，值博率大大降低。  筆者對高追新股並沒感興趣，反而正在想想有哪些主題可成為焦點股份。近期，內地A股巿場氣勢如虹，上海A股指數輕易上破了2300點水平，筆者預期，上海A股指數明年有力上試2800點，潛在升幅空間約有兩成。北京北辰（588）、中國國航（753）在發行A股後，A股股價節節上升，帶動了H股股價向上。此外，中國銀行（3988）及工商銀行（1398）A股股價亦升越了H股股價。因此，筆者認為，即將發行A股的H股如國壽、中國平安（2318）及交通銀行（3328）有機會成為下一輪焦點股份，可成為優先考慮對象。  國壽計劃發行不超過15億股A股在上海證券交易所上市。若中國證監會發行審核委員會批准其A股上市申請後，A股可望於明年1月掛牌。集團在完成發行A股後，可成為恒指候選新貴的名單，並預期在恒指服務公司於明年2月召開恒指成份股季度檢討會議時可成功染藍。此外，集團在內地發行A股，可增加其每股內涵值及每股賬面淨值，令其估值更具吸引力。另一方面，近期內地A股走勢強勁，預期下半年仍錄得可觀的投資收益，投資者可在20元附近吸納，中線目標24元，止蝕18元。  姚浩然　時富資產管理聯席董事 作者姚浩然為證監會持牌人士，目前持有工行（1398）股份，作者之客戶則持有港交所（388）、中移動（941）、國壽（2628）、交行（3328）及中國平安（2318）股份。
20061216-239,20061216,239,新界樓價07看漲15%,新界樓價07看漲15% 【本報訊】今年新界區整體二手住宅平均呎價為2510元，較05年2649元跌5.2%，更比港九市區的4087元低近39%；不過，交投量跌幅卻較市區少，反映新界樓價低水。美聯集團預期，明年多種利好因素刺激樓市下，成交及樓價有望上升20%及15%。 豪宅成交料增25% 美聯物業營業董事歐沚軒表示，新界區明年可推出市場的單位有12800個，估計實際發售約1萬伙，供應雖然多，但不影響升值潛力，因今年首11個月區內新盤銷售比率達66.6%，較全港64.4%高，故相信新界新盤承接力良好。  另外，今年新界暫錄得156宗1000萬元以上豪宅成交，比去年152宗多2.6%。中原地產新界區董事王浩聰表示，大埔區豪宅表現突出，今年有82宗成交，較05年39宗勁升逾倍，平均呎價亦由去年5820元升至6320元。其次為元朗錦綉花園，呎價3717元，較年初的2801元升32.7%。  王浩聰預料，新界區豪宅前景樂觀，明年價格可錄得10%升幅，成交量增加25%。
20061216-240,20061216,240,一周好介紹,一周好介紹 作者鄧建初、曾永堅、彭偉新及蘇顯邦均為證監會持牌人士，本文所提及之上市法團，作者及其有聯繫者目前並無擁有財務權益。 2355寶業集團　收市：13.00元 至今年6月底半年純利4億元（人民幣），勁升1.3倍。去年杪收購之合肥城市綠苑銷情理想，剛獲老虎基金入股，更助未來發展。可在12.80元吸入，目標15元，跌破11.50元止蝕。  光大證券交易董事　蘇顯邦 386中石化　收市：6.63元 國內成品油定價機制將進一步完善，並有望在明年初推行。原油價格近期持續回落，以及獲選入為恒指成份股，均有利股價表現。可在6.40元吸入，目標7.50元。 2339北泰　收市：2.69元 現價PE只得單位數字之國內製造及銷售汽車零件商，中期業績盈利1.93億元人民幣，升11.21%，每股盈利15.51分人民幣，可候2.67元吸納，目標2.9元，跌破2.54元止蝕。  時富證券聯席董事　鄧建初 152深圳國際　收市：0.52元 於國內從事提供全程物流及運輸配套服務、電子商貿服務及客運服務，以2.3億元增持西部物流40%股權，有利前景，可於0.51元吸納，目標0.56元，跌破0.48元止蝕。 107四川成渝　收市1.42元 公路股較被忽略，主因是市場認為盈利增長概念及憧憬有限，但成渝近期營運數據理想，預計盈利增長較預期良好，預期PE只有11倍，建議1.4元以下吸納，6個月目標價1.9元。  東美證券交易董事　曾永堅 005滙控　收市141.40元 股價近期受市場憂慮美國樓市前景所影響，但當地就業情況持續改善，聯儲局過去數月不斷在市場直接注資，預期美國樓市將軟着陸。建議141元以下吸納，12個月目標162元。 1398工商銀行　收市4.15元 近期資金重返中資銀行股，以累積升幅計算，工行仍然是較落後的一隻，由於市場繼續憧憬人民幣升值，令到工行有更佳前景，可在4.2元買入，上望4.60元，以3.80元作短期止蝕。  新鴻基金融集團策略師　彭偉新 882天津發展　收市5.35元 現時所持項目資產質素良好，有重估需要，股價持續在6月形成上升走勢，現時只開始由底部反彈，相信上升空間仍充足，可以在5.40元買入，上望6元，以5元作為止蝕。
20061216-241,20061216,241,傳訊四圍炳：小圈子選舉難有真民主,傳訊四圍炳：小圈子選舉難有真民主 選舉委員會界別分組選舉於上周日舉行，筆者雖然並非資訊科技界的選民，但對這界別的選舉甚感關注，相信不少香港人亦然，原因是當投票前夕小小超突然發表「真民主」宣言，很多人都希望知道會有甚麼影響，結果小小超也順利當選。無疑，今次小小超是少有的一位香港富豪，願意公開和直率的表達支持民主，但這是否只是個口號式的說了便算，還是骨子裏由衷的支持，又或者只是為了「拒共」的拿來主義，則有待仔細觀察。 莫乃光連任資訊界票王 翻查紀錄，2000年資訊科技界界別選舉投票人數共有845人，投票率22%，當年的票王莫乃光拿到483票；到2006年，選民人數上升三成，投票人數激增至2306，投票率達到46%，票王仍然是Charles莫，共拿到1228票。Charles莫可以長期穩住資訊科技界半數票源，若他日有意投身政界，出選立法會，並且有足夠協調的話，相信成功機會不低。  資訊科技界內泛民主派支持的八名候選人，就算是名不經傳的，也告全數當選，顯示聯票的威力。若拿今年的名單與當年的比較，被踢出局的多位皆是資深的從業員，他們不少與中聯辦關係良好，過往每年都積極在背後推動資訊科技界慶祝國慶活動，不知是否正是這種「親中」背景，成為了今次選舉的死亡之吻。不過，其中一位「親中」的候選人，2000年只比票王少一票，但兼屬電盈旗下企業僱員，今屆也加入呼籲「真民主」的行列，結果當選，但票數比率則比2000年那次少了很多很多。多個界別的選舉結果也反映了類似情況，親建制的候選人多數落敗，「支持有競爭選舉」這個因素好像主宰了一切。 選民支持有競爭選舉 其實，那班「支持有競爭選舉」的選民，也可能同時反映了普遍對現時政府的不滿。過去數年，不少資訊科技界的從業員過着緊日子，就算保住了工作，收入也下跌；做老闆亦難做，生意是有的，但客戶要求愈來愈多，價錢也難大幅增加。這些因素也許會引致對政府產生不滿的情緒。不過，不滿歸不滿，選民支持「有競爭選舉」，是否也支持改變現時的政治局面？這個就很難說。畢竟，這只是個小圈子選舉，講真民主？別表錯情。  侯聯貴  電郵地址：lghau@yahoo.com
20061216-242,20061216,242,歷來最大宗海外收購日本煙草1142億吞英同業,歷來最大宗海外收購 日本煙草1142億吞英同業 全球第三大煙草商日本煙草（JapanTobacco）同意以75億英鎊（約147億美元，或相當於1142億港元），收購英國競爭對手GallaherGroup，為日本歷來最大宗海外收購交易。這反映日本人口下降，日本企業愈益着眼於海外市場。 【本報綜合報道】由於日本煙草稅增加令香煙價高企，本土煙民減少，導致需求放緩，日本煙草需另闢收入來源。為壯大規模，日本煙草提出以現金每股11.4鎊（約174港元）收購Gallaher，相等於75億鎊。若將Gallaher的債務計算在內，是項交易達97.5億鎊（約1485億港元）。 Altria或加入爭奪戰 Gallaher雖然並非國際名牌，但在俄羅斯、哈薩克斯坦、烏克蘭及其他東歐地區的銷售正急速增長，這優勢對日本煙草尤其吸引。海外銷售已成為日本煙草的盈利增長動力，該公司在歐洲地區如西班牙、法國及意大利均已站穩陣腳，購入Gallaher有助擴大銷售版圖。  不過，有分析指全球最大煙草商美國Altria為拓展英國市場，可能會加入戰團競購Gallaher。  日本煙草佔全國三分二市場，在截至9月底的六個月，香煙銷售額較去年同期下跌1.3%，至2.02萬億日圓；銷量跌4.7%至1400億支香煙。日本煙草預期，本財政年度（截至明年3月底）的本土香煙銷量將跌1.1%至1760億支，而海外銷量會升0.4%至2390億。  僅次於上述規模的日企併購海外業務交易，為當地流動電話運營商NTTDoCoMo以98億美元，買入AT&TWirelessGroup部份股份；第三大宗是日本煙草在99年以78億美元，收購雷諾國際的「駱駝牌」等香煙品牌（見圖表）。 人口下降打擊生意 隨着日本人口不斷下降，當地企業開始放眼海外市場，或藉併購現有業務增拓收入來源。日本企業併購海外業務於80年代沉寂了好一段時間，至90年代才再度出擊。今年至目前為止，日本企業已收購294家海外企業，收購額達181億美元，高過去年全年，亦是04年的兩倍。
20061216-243,20061216,243,下周料難加息日圓挫見118,下周料難加息日圓挫見118 日本製造業信心為逾兩年來最強，反映當地經濟有望重拾增長動力，不過日本官員再出口術企圖阻止央行加息，意味下周二議息後宣布加息的機會大降，拖累日圓對16個主要貨幣全線下滑。美元兌日圓昨重上118水平，曾高見118.33，升0.50圓；歐元升上155.49圓新高，升0.60圓。 廠家信心兩年最強 美國公布消費物價後，美元曾回落至117.52日圓。摩根大通首席策略師佐佐木融估計，大量資金會透過退休信託基金和互惠基金外流，因此建議沽日圓。他預期，美元會高見120圓，歐元則升見158圓。  昨日發表的第4季日本短觀經濟報告（Tankan）顯示，大型製造商信心由上季的24點升至25點，為04年9月以來最高，符合預期；服務業如銀行及地產商的商業信心則勝預期，達22點。瑞穗證券高級市場分析師KojiOchiai指出，數據反映當地經濟復蘇情況良好，企業會繼續增加資本開支。  雖然日本經濟前景樂觀，但經濟財政大臣大田弘子表示，央行應考慮當地經濟仍有放緩的風險，言下之意是希望日央行放緩加息步伐。日本將於下周二議息，瑞信報告顯示，預期日本屆時會加息的投資者，已由上周的68%大幅降至本周的16%。  由於本月加息料無望，日本債券投資者亦要向外尋求較高回報。報告顯示，當地海外債券投資，已連續第三周錄得淨流出。
20061216-244,20061216,244,矽谷手記：Wikia或挑戰Google一哥地位,矽谷手記：Wikia或挑戰Google一哥地位 維基百科在短短5年成為網絡上新寵兒，全球瀏覽次數排名首15位之內。現時該網上百科全書差不多成為網上知識的權威，每當有甚麼不明白之處，就會想到使用維基百科來翻查有關資料。創辦人之一JimmyWales乘勝追擊，成立一家名副其實的商業機構－Wikia。他們去年把總部從東岸搬到聖馬刁（SanMateo），正式加入矽谷新貴行列。 集思廣益互動發展 2000年當全世界都在說dot.com科網泡沫爆破之際，創辦人JimmyWales及LarrySanger獨具慧眼，認為知識應該是無分疆界富貧，決定創立一個免費網上百科全書，並把它命名為Nupedia，更決意不把廣告加在網頁之上。2001年他們使用Wiki介面把這個概念實現出來，同時改名為Wikipedia。Wiki是一個在互聯網伺服器以上加設的介面軟件，讓不同用戶可以更簡單方便地更改網頁內容，這個正是維基百科的中心概念，不同人在何時何地都可以互動地一齊為一個內容努力，達到集思廣益的效果。  至於Wikia的概念，就是以開放元碼的Wiki介面為基礎，讓用戶建設網頁群，每個題材之下可以加入不同分類，其他用戶就在這些類別之下加入他們的意見。要成立新的Wikia需要符合某些條件，例如需要有足夠的瀏覽客戶，亦需要有叫座力來吸引足夠的編輯用戶來維持網頁的內容，如果已經有人成立了相類似主題的Wikia網頁，便要在原有的Wikia之下加入分類，不能加新的Wikia。當然，奉行Wiki的傳統，Wikia也是不能限制任何編輯權的，即是任何人都可以在Wikia設立的框架內編輯內容。由於維基百科的成功，這個Wikia亦很快成為投資者的焦點，成立數個月便吸引到BessemerVenturePartners的4000萬美元注資，最近還得到Amazon的支持。同時，亦以2000萬美元收購體育Wiki網站ArmchairGM，來勢銳不可當。 樹大招風惹受批評 繼Blog之後，這個Wikia能否成為新一代潮人玩意，又或者與一哥Google拗手瓜，還言之尚早。不過樹大招風，維基百科就開始成為被批評的目標，例如資料失實、資料沒有用等。小弟卻認為，自古以來，大家學習的「歷史」都是靠前人紀錄作基礎，數百年後，也是根據哪一個版本最多「專家」採納作為依歸，不少依賴統計學來引證的「科學理論」亦如是。所以，無論權威也好、維基百科的不知名來源也好，每位讀者在閱讀資料時，常常保持謹慎批判的思考，才是良策。  魯笨  電郵地址：sv_robin@yahoo.com
20061216-245,20061216,245,一周升跌表,一周升跌表
20061216-246,20061216,246,大摩CEO花紅3億,大摩CEO花紅3億 【本報綜合報道】美國第二大證券行摩根士丹利業績理想，其行政總裁（CEO）麥克（圖）今年獲發放4000萬美元（約3.1億港元）的股票和認股權作為花紅，打破華爾街紀錄。 破華爾街紀錄 麥克的花紅雖破紀錄，但《華爾街日報》報道，以總薪酬計算，高盛CEO布蘭克費恩今年估計收取逾5000萬美元（約3.9億港元），超過麥克的4100萬美元，在華爾街內稱冠。高盛拒絕置評。  分析師估計，華爾街多位CEO今年薪酬可達4000萬至5000萬美元，甚至更高，他們包括貝爾斯登的凱恩、美林的奧尼爾，以及雷曼兄弟的富爾德。  受惠於併購和交易活動蓬勃，高盛、貝爾斯登和雷曼上季盈利皆創紀錄。大摩將於下周發表業績，市場推測其盈利會是開業71年來最佳。  調查顯示，華爾街今年平均花紅升15%至20%，其中高盛花紅增幅可達30%。高盛發放的薪酬亦是華爾街內最慷慨，料達165億美元，平均每名職員有62.2萬美元（約483萬港元），遠高於雷曼的33.4萬美元，以及貝爾斯登的32萬美元。
20061216-247,20061216,247,世界花園　2800呎入則複式連3車位,世界花園　2800呎入則複式連3車位 大圍世界花園為沙田區第一代豪宅屋苑，單位實用率普遍達90%，高居全區之冠，內櫳寬廣，予人真正大宅的感受。介紹的這伙更加巨型獨特，由兩個1400餘方呎單位，上下打通自製複式，搖身一變為逾2800方呎超大戶，5房3套間隔，處處闊落，空間感強烈。 單位由上下兩層合併，地方寬廣，全屋重新間隔，闢出兩廳5房。睡房數量多，3間套房中，有兩間為房中房布局，嚴格上可視作7房間隔看待，大家族都住得鬆動。下層套房便是房中房設計，分別闢作麻雀耍樂及卡拉OK室，可一次招呼十多位親友；另外，上層特大套房，寢區與衣帽間面積相若，後者設計如舞台化妝室般，布局華麗，盡顯氣派。 5房3套　裝修華麗 全屋裝修華麗，玄關鋪砌雲石地板、建假天花及壁爐，訂做入牆家具；樓梯底設酒吧，用料高級。  利嘉閣分行經理郭兆輝表示，介紹的自製複式單位，已向屋宇署入則，完成改動程序，加上重本裝修兼連3車位，故叫價較高。屋苑現時放盤約50個，叫價視乎單位類別，當中以1025方呎的兩房間隔開價最低，平均每方呎3600元；其他單位視乎樓層，呎價4200至5000元。  他說最近成交於10月，5座芙蓉閣高層C室，1443方呎，以720萬元易手，呎價4990元。  記者：溫潤潔  攝影：黃耀興
20061216-248,20061216,248,國際視野：金錢幻覺　進退兩難 - 王冠一,國際視野：金錢幻覺　進退兩難 - 王冠一 美股欲罷不能，道指前日急升99點，直迫12500水平，原因不外錢多、息平之故，其餘甚麼理由盡是藉口。  不是嗎？如果話經濟好，美國GDP增長連續三季甚或有機會四季放緩，又作何解釋？若假設利率會向下調，瞧瞧近期與通脹有關的數據，以至聯儲局的會後聲明，甚或油價的表現，又何來減息理據？何況美滙走弱，減息真是好消息嗎？  講開股市與美元，有一項比較必須拿出來與讀者投資者分享。道指和標普500指數今年約升15%，這是以美元為單位計算，若以歐元或英鎊來衡量，升幅是「零」，如果以另類「硬」通貨黃金為標準，兩大指數不升反跌6.5%，因此美股上升對歐洲或「金甲蟲」來說只是表象，實際「係咁先」啦！ 美股升歸功美滙弱 正如美林投資策略師貝恩斯坦所指，美國現正處於「金錢幻覺」狀況中，股市上升因美元貶值，假使企業資產可維持其價值，美股會因美元持續滑落而上升，然美國投資者相對生活水平亦隨之下降。  上述故事用來套入港元資產亦有異曲同工之妙，人民幣升幅雖然沒有英鎊、歐元般急勁，但咁仲衰，假若美元急跌，必又惹來買中資企業股保值之說或遐想（香港散戶買歐洲股票的不多，何況還有情意結驅使？），按目前市盈率、市賬率計（仲貴過印度）是否值得，閣下心中有數。如果美元貶值加速，香港人口袋裏的錢一定唔見「使」，到時又是否有閒錢去買股票？
20061216-249,20061216,249,周日一手睇樓資料,周日一手睇樓資料
20061216-250,20061216,250,股路縱橫：公路股穩健深高速可長揸,股路縱橫：公路股穩健深高速可長揸 中國未來幾年的經濟增長雖會略為放緩，但平均仍會有8%至9%增長，工商業活動蓬勃，刺激車流量穩步上升，過去兩個月，公路股雖已累積10%至20%的升幅，但中長線仍可看好，近日大市調整，公路股股價略為回軟，正係低吸機會。  深高速（548）旗下主要的5條高速公路都在廣東省，另有多項非控股投資，近日宣布以9600萬元（人民幣．下同），向控股股東深圳國際（152）收購現已持有95%的梅觀高速餘下5%權益，全部以現金支付。以收購價計，梅觀高速估值19.2億元。  梅觀高速係深圳中部南北方向的主幹道，自95年5月通車以來，車流量和路費收入一直保持增長。05年，梅觀高速錄得稅後淨利潤1.92億元，這次收購，有助進一步提升盈利水平。  大行研究報告指出，是次收購作價相當於05年歷史PE10倍，06年及07年預測PE約9倍及7.9倍，對公司有利。 摩通睇好　目標5.5元 06年（12月結）首3季，深高速營業額8.63億元，升31.8%；獲利4.13億元，升34.4%；單係第3季業務收入3.3億元，升29.3%，獲利1.59億元，升60.3%。今年第1季盈利為1.28億元，第2季為1.25億元。  第3季業績增長強勁，主要係深圳地區公路日均車流量增加39%，而收入亦增加29%，預期第4季仍會有相當增長，全年盈利（不計其他收入）估計6.0億元，升8.7%。05年獲利5.52億元，其中有4000萬元減值撥回、以及有收購武黃高速55%代價低於資產的公允價值3495萬元確認為收入。  深高速未來一兩年將繼續投資項目工程，預期在08至09年，公路總長度將達400公里，比05年底大增120%。摩根大通指深高速的公路陸續落成後，盈利增長動力將十分強勁，每年盈利平均升幅可達20%，未來股價有進一步上升空間，建議增持，目標價5.5元。  郭兆誠
20061216-251,20061216,251,影岸.紅　單位組合多元化,影岸.紅　單位組合多元化 以新市鎮概念發展的東涌區，隨着區內各項基建項目及旅遊景點落成，被視為具發展前景地區。區內私人住宅陸續落成，近期銷售中的影岸‧紅，屬香港興業的藍天海岸新一期分層住宅，亦為最近地鐵站兩幢物業。因應區內換樓需求逐步提升，物業約半數為3房單位，並設24個相連及複式大戶，迎合追求起居空間的買家需要。 影岸‧紅由A、B兩幢大廈組成，分別47及48層高，與毗鄰的藍天海岸成屏風式排列。整項目783伙，考慮到東涌設多項旅遊設施及鄰近國際機場，租務極為暢旺，該盤設95個561至608方呎1房單位，最適合出租。 B座3房單位向海 先銷售的B座，每層9伙，面向海景及機場的單位，一律3房間隔，其中，以C至E室座向較佳，眺望國際機場。至於向南望山景單位，一律是1房及2房間隔，景致翠綠。  每戶均設有露台及工作平台，分層單位一般37至41方呎。至於24伙特色戶，設於最高6層，18個為複式單位，6個為2029至2145方呎5房相連，當中4伙頂層大戶皆連天台，特設露天水療按摩浴池。  特色單位用料較分層單位上乘，廚房特設Hansnem數碼系統，包括照明、收音、留言等功能。主人房浴室則設按摩浴缸，並加設LCD電視，接近酒店級水準。  記者：湯家明  攝影：黃冠華、曾顯華
20061216-252,20061216,252,窩輪搏擊：中財險破關炒9827,窩輪搏擊：中財險破關炒9827 時間啱啱好，昨日叫大家做好兩手準備，揀定啲指數輪，等恒指突破橫行區就定番個止蝕位飛身入去買，昨日港股借外圍造好挾上，開市就裂口一躍而上，好輕鬆就升越20日線，企喺19110收市，升191點，點解唔抽高啲？淡友都頂得好實，不過唔係還擊嗰隻，睇嚟係且戰且走，632.2億元成交絕對唔係講玩，好友掌握局勢，梗係唔使急，下個禮拜挾多一兩日，好多淡友都要投降。  大家都應該有聽過「借力打力」，個市喺低位橫行，只要跌多少少，或者吹一個利淡消息，情緒就會變得悲觀，乜嘢聖誕鐘、乜嘢新年例旺都唔會令人動心，不過，個市挾600幾億元成交重越19100，就唔係咁話嘞，投資者習慣咗聖誕節同聖誕老人攞禮物，下個禮拜個市再升，大家會睇到好多散戶盤跟入，力量就會變得好大，好友要推個市上去就容易好多，咁嘅環境，人人都識得惜售股份，需求大、供應少，你話個市會點？ 早幾日叫大家留意國內保險股異動，轉個頭全部炒上嚟，國壽C輪2178應該仲有排升，其他嘅保險股C輪都可以諗吓。  中財險C輪9827：中財險（2328）昨收3.29元，升5.7%，大成交支持升破咗10日同20日線，破咗3.4元睇3.7元。隻C輪9827昨收39仙，槓桿率8.4倍（有效4.7倍），對沖值0.55，正股升上3.4元，9827會喺45仙水平，正股升到3.7元，隻C輪應該唔會平過63仙，呢個價買啲，正股跌穿3.16元止蝕。  俊樺
20061216-253,20061216,253,點股壇：鴻興息高業績平平,點股壇：鴻興息高業績平平 鴻興印刷（450）中期業績增長32%，只是假象，會計準則的數字遊戲，使盈利激增，實則是輕微減退。  截至9月止半年，鴻興盈利2.266億元，較上年同期的1.717億元增5490萬元，其中包括可換股債券衍生公平價值收益6405萬元，剔除此數盈利實為1.625億元，較上年同期減少5.3%，中期息維持每股9.5仙。  整體營業額下跌1.5%，毛利率由22.5%跌至20.8%，主要是工資及能源成本上升的影響。期內人工成本上升12.6%，為此，已於成本較低的鶴山設立印刷廠，專門負責勞工密集的定單。 成本升壓毛利 鴻興以印刷為主，期內營業額跌4.6%，分類業績更跌20.8%，反映印刷業所受壓力較大。紙張貿易營業額下跌13.6%，而紙價的調整使分類業績增21.3%。瓦通紙箱製造銷售額增6.3%，因成本上升及競爭，分類業績跌14.7%，造紙業營業額增7%，因紙價上升，分類業績勁增44%。  鴻興是印刷業龍頭，亦經營相關業務，近似垂直生產，經營上已佔優勢，而勞工成本上升，已打壓毛利，能源及運輸成本的上升，亦加重負擔。期內毛利率下跌1.6個百分點，已涉及毛利額2700萬元，相當於經營盈利11%的變動。  趁發展之便，於勞工成本較低的地區設廠，已成為廠家的策略。目前鴻興的廠房設於深圳、中山及無錫等地，印刷業營業額雖跌，而設於無錫的廠房則增長38%，已反映鴻興對定單生產的策略性調動。  期內資本支出1.52億元，雖已發行零息可換股債券，而淨借貸比率不過12%，為審慎計，已假定可換股債券於2011年全數贖回（換股價6.46元），已預提有關利息支出1900萬元，相當審慎。  印刷業不易大幅增長，但相對較為穩定，在旺市中並無吸引力，而作風良好，派息穩定，小量持有收息，作為投資組合部份，可以考慮，若能賺價，只能視作意外驚喜。現價4.31元，預期PE10.5倍，息率6.8%，每股資產值3.6元。  齊明
20061216-254,20061216,254,維也納聖誕市場WienerChristkindlmarkt古老聖誕市場　愈夜愈迷人,維也納聖誕市場WienerChristkindlmarkt 古老聖誕市場　愈夜愈迷人 我Apple跟大部份香港人一樣，聖誕前後愛到尖東欣賞燈飾、送贈聖誕禮物給親朋好友；今次Apple想帶大家到歐洲感受聖誕氣氛：先到奧地利，逛逛當地市民在聖誕前夕必到的WienerChristkindlmarkt聖誕市場，然後到法國欣賞朱古力展，挑選聖誕禮物。 奧地利維也納這個世界著名的露天聖誕市場（WienerChristkindlmarkt），起源可追溯至公元7世紀，現時在市政廳廣場前舉行的聖誕市場，是在1975年開始，每年吸引300萬名本土及外國遊客，在維也納詩歌團的美妙歌聲下觀賞迷人聖誕夜色，成為全奧地利最大型聖誕市場。  市場由140家銷貨攤位組成，Apple最愛每個攤位都經精心布置來陳列特式貨品，加上當中14家攤位銷售奧地利地道小吃與飲品，又有詩歌樂團表演，總教人花上三數小時逗留時間。  市場的中央放置掛上1000夥燈泡的巨型聖誕樹，兩旁樹木亦掛上數百個立體圖案燈箱，與尖東燈飾相比別有一番特色。  展覽網址：www.christkindlmarkt.at
20061216-255,20061216,255,滙豐無意帶頭減樓息,滙豐無意帶頭減樓息 【本報訊】滙豐亞太區主席鄭海泉昨出席一開幕禮後表示，滙豐無意再帶頭調低本地按揭息率，但會否作出調整，須視乎市場情況及美國的息口走勢。他指出，美息未來走向將取決於當地的經濟表現。較早前有銀行界人士認為，現時本港按揭息差的利潤，已達至不合理水平。  對於內地開放銀行市場予外資銀行參與，鄭海泉並不擔心，他說內地市場龐大，並不預期開放市場將令競爭大幅加劇，他認為中國有足夠「生意」給予各大小銀行經營。  他指出滙豐不會為開放市場變陣，會繼續按早前定下的發展步伐，繼續在內地一線及二線大城市尋找商機。 加薪結果3月公布 對於明年集團的加薪幅度，鄭海泉承認，該行確實已就加薪定下一個總額，但實際每名員工的加薪幅度，要視乎各自的表現，並由各部門主管決定。較早前，滙豐及旗下的恒生銀行（011）分別向員工發出電郵，指明年不會劃一加薪，而薪酬調整結果將於3月公布、4月生效。
20061216-256,20061216,256,H指首見9000勁升141點,H指首見9000勁升141點 【本報訊】H股指數及滬、深綜指昨日齊齊創新高，其中H指在中資保險、石油及原材料股推動下，接近收市時歷史性升上9000點，最高報9000.14，升152.39（1.72%），收8988，升141點，升1.6%。中證監通過中國人壽（2628）A股上市申請的消息，四時後才傳入市內，12月H股指數期貨在四時後立即再推高49點，收報9085，較現貨大幅升水96點，15分鐘成交1547張。 國壽突破$20　准發A股 由於近日有報章報道，國壽管理層及A股保薦人正在趕工，爭取國壽明年初成為第一家上市藍壽A股，亦即所有招股工作需年底前完成，故市場早已預期中證監批准其A股上市，加上有消息指國壽A股售價較H股折讓10%，故H股已連續3日谷高，無論正股以至窩輪昨日皆完全無視其他股份大幅波動，由頭升到尾，最高報20.65元，收20.6元，大升1.06元（5.43%），成交26.26億元，窩輪成交亦達20.3億元。  油組會後表示，明年2月起每日減產50萬桶，刺激油價升近每桶63美元，並直接推動石油股上揚，大摩昨日發表報告將長期國際油價，由原先的每桶50美元調高至55美元，但07及08年油價預測每桶60美元及50美元不變，同時將3隻中資油股目標價調高，其中中石化（386）由6.1元調升至6.65元；中海油（883）調高至7.55元；中石油（857）微調0.08元至10.5元。
20061216-257,20061216,257,期指戰況：確認見底後市有力破頂,期指戰況：確認見底後市有力破頂 期指以19150裂口高開151點，即時突破短線下降軌，及後作技術後抽，並在19066建立支持，收19119，升120點，高水9點。  美股再創新高紀錄，刺激港股回升，長和系動力突增，地產股升幅更為顯著，資金持續吸納。期指一舉突破19100，並在周末前挾高，確認短期見底，雖然目前仍處徘徊區內波動，但利淡因素已消化，臨近年底前不容看淡，粉飾櫥窗效應將會出現。日線圖裂口在19030至19066，14RSI回升至57，MACD線偏穩向上，處買入區，後市應有力破頂。 周線圖已回穩，緊守中期升軌，跌近10周線即回升，於高位區橫行近6個星期，似乎調整隨時完結，宜順勢買入。  H股期指升浪加速，尾市急速升破9000關口，以9085高收，大升203點，高水97點，短線仍未有見頂迹象。H股期指裂口突破，各技術指標均急升，令高水擴大，由於周線圖以最高位收市，顯示好友再主導大市，估計下周初保持高位波動，升近9170有初步阻力。  寶維
20061216-258,20061216,258,巴黎SalonduChocolat朱古力製品　耳目一新,巴黎SalonduChocolat 朱古力製品　耳目一新 連續12年舉行的法國巴黎SalonduChocolat朱古力展，Apple每次來都見場面熱鬧，人頭湧湧，皆因展覽推出新穎獨特的朱古力製品展銷，從賣相至味道都令人耳目一新，只需120港元入場費便可一次過品嚐環球特色朱古力。  朱古力展覽佔地1.4萬平方米，共有134家朱古力製造商參展，吸引逾12萬名像Apple一樣的朱古力迷來，試食五花八門的朱古力製品，從古法秘方炮製的南美洲朱古力，最廣泛多選擇的歐洲朱古力，以至精美裝潢的日式朱古力，均可在此搜購。  3個小型舞台分別提供歌舞與時裝表演、朱古力食譜製作示範、市場及科技研究講座，加上朱古力食品與裝飾設計比賽的主題展覽，是有意加入朱古力行業者偷師良機。  展覽網址：www.salonduchocolat.fr
20061216-259,20061216,259,連環炮：平保殺上目標40元,連環炮：平保殺上目標40元 港股在20及50日平均線之間整固近3周，昨天好友把握時機，趁美股及日股顯著造好，大幅裂口抽升，突破橫行區及20日線，補回11月28日的下跌裂口。  昨天的升市不宜視為單日挾倉，原因是昨天的成交急增至632.2億元，雖然有兩大新股上市，合共交投142億元，但看成交是否配合市況，這些因素毋須額外考慮，若計及前天午市之成交較早市急增，可視為已部署的連續行動，好友實有備而來，在時間上為期指結算及年結準備，來得巧合卻不突兀。不要小看日線圖的「小陀螺」，這個小陀螺剛好在11月28日下跌裂口的頂部，而單日成交偌大，下周一再以大裂口挾上的機會甚大，若出現這局面，單日之升幅隨時在300點以上，即可上試前高位19404。  恒指日線圖9RSI向上突破，現處58.7，上升空間甚大，MACD下周初料再現「牛差距」，港股之升勢將更勁，保歷加通道頂在19317，是短線的阻力位，但觀乎港股成交大增，期指結算及年結在即，相信恒指下周初突破此關試19404之機會甚大，短線炒賣期指，寧好勿淡，20日線是短線有力支持位，10日線正掉頭上升，突破20日線市況更強。 成交急增近3倍 平安保險（2318）昨收33.05元，升5.6%，前日升勢稍遜國壽（2628），昨天則不遑多讓，保險股起步炒上，平保、國壽自是不二之選。股價自8月至今一直在保歷加通道中軸與頂部窄幅移動，壓價收貨之手影明顯，昨天裂口上破通道頂，成交量較前天急增近3倍，亦為半年平均日成交之2.34倍，周線圖及月線圖同現突破，料會快速上試36元，升浪高位應不會低於40元，現價買入，以30元作止蝕位，上破34元可加1注。  海歌
20061216-260,20061216,260,看圖捕先機：升破三角慎防假突破,看圖捕先機：升破三角慎防假突破 港股繼續反彈，恒指高開後反覆上升，最高見19126點，上破20日線18943點，收市只是略為回軟，報19110點，升191點，成交激增至632億元，主要由新股帶動，現貨月期指高水只有9點。  恒指以裂口突破20日線及降軌阻力，如以三角形的量度升幅計，最少可至19791點，即將再創新高。只是以三角形走勢計，通常是先呈現假突破，然後才掉頭，投資者要留意周一的走勢，如能企穩裂口，出現突破的機會大增。相反重回裂口之下的話，三角形底部18588點區可能會再受考驗。  支持方面，即市看昨日裂口區18955點至19014點，該區尚包括降軌，即三角形頂部，不宜重回其下。至於10日線18884點及20日線則是下一級支持了。阻力方面，歷史高位19404點為即市阻力所在，如能上破，可先看三角形目標19791點。  技術指標方面，中線指標DMI中的+DI與-DI糾纏在一起，變化不大，偏穩。MACD再現牛差距，並在0線見支持，向好。短線指標RSI上破降軌，向好。  中資股方面，紅籌指數走勢略遜於大市，升22點，收報3088點。H股指數升141點，收報8988點，創收市高位，惟呈拋離陀螺，有回吐壓力。 是日建議： 中芯（981）：十字，應為突破後的後抽，MACD牛差距差距擴大，向好。現價入，目標1.12元，下破0.95元止蝕。  長實（001）：陽燭，上破降軌及平均線，RSI上破降軌，向好。現價入，目標100元，下破91.25元止蝕。  偉仕（856）：陽燭，上破旗形阻力，成交大增，向好。現價入，目標2.30元，下破1.72元止蝕。  戴慧思
20061216-261,20061216,261,股票拋空紀錄,股票拋空紀錄
20061216-262,20061216,262,新股上市備忘,新股上市備忘
20061216-263,20061216,263,上市公司回購股份表,上市公司回購股份表
20061216-264,20061216,264,06年12月15日收市指數,06年12月15日收市指數
20061216-265,20061216,265,怡系新加坡上市股票,怡系新加坡上市股票
20061216-266,20061216,266,投資版金榜,投資版金榜
20061216-267,20061216,267,炒友Blog：通道好炒賣高沽低揸,炒友Blog：通道好炒賣高沽低揸 談過判斷趨勢線（Trendline）是否可靠的3個準則後，今次補充趨勢線的炒賣原則以及淺談通道：  （1）不宜逆勢而行，當趨勢線向上（升軌）時，只宜伺機買入，不應沽空，反之亦然。  （2）股價跌近升軌時，可以買入，因升軌會有支持；股價升近降軌時應沽出或沽空，因降軌會有阻力。  （3）跌穿升軌時，好倉應止蝕，甚至反手沽空；升穿降軌時，淡倉要止蝕，甚至反手開好倉。當然，是否應該反手開新倉，還應參考其他技術指標。  （4）股價跌穿升軌後，往往會作「後抽」，即嘗試升回升軌之上，通常這是沽貨或沽空好機會。股價升穿降軌後，亦常見「後抽」，這是買貨或平淡倉的好機會。 成交變化預示轉勢 （5）當股價處於上升軌，若股價上升時成交亦增，股價回落時成交亦減，我們可以假設上升趨勢穩好。假若股價升時成交減，股價落時成交增，則要提防上升趨勢隨時有變，要看緊止蝕或止賺位。同樣地，當股價處於下降軌，股價跌時成交大減，股價升時成交增，就要提防下跌趨勢可能隨時結束。  在股價圖上畫出一條升軌後，再以此升浪的第1個高點為起點，畫一條與升軌平行之直線，即可得出一條上升通道。同樣地，畫出一條降軌後，再以跌浪的第一個低點畫一條與降軌平行之直線，即可得出一條下降通道。  附圖是華能國際（902）的周線圖。A是升軌，B是與之平行的直線，兩者合起來即成上升通道。D是降軌，C是與之平行的直線，合起來即為下降通道。在圖的最右方，亦有兩條較短的上升通道。  從圖中可見，不論在上升通道還是下降通道，股價一升抵或升近通道頂，即向下回落跌向通道底，而股價一跌近通道底即回升，升向通道頂。遇到這種通道走勢，最佳的策略是高沽低揸，在通道底附近買貨，然後待升近通道頂沽貨，直至通道破壞為止。  邱古奇  電郵：appleeditor@yahoo.com.hk
20061216-268,20061216,268,扣除售產福田只多賺9%,扣除售產福田只多賺9% 【本報訊】福田實業（420）公布截至8月底全年度純利3.07億元，增加87.64%，主要受惠於期內出售物業錄得盈利1.29億元；若扣除該一次性收益，全年純利僅增8.86%，按此計算之盈利率約2.5%，與去年同期相若。 擬搬廠避嚴查排污 期內營業額71.35億元，增長7.51%；每股盈利38.64仙；派末期息6.5仙，減少7.14%。福田指出，集團稱有關東莞附屬公司過量排放污水，已於8月補交約1150萬元的排污費，在獲通知後已即時降低產量，並把工序轉移到其他地點，惟仍能保留重要客戶。集團現仍就污水處理設施進行測試，料於07年度上半年完成，屆時東莞廠房的排污處理能力將增逾30%。  截至8月底，福田淨負債率由上年度的67%，減至55%。資本性開支增至4.6億元，主要用作擴產，預期本年度約4.2億元。集團表示，鑑於內地政府對廣東省環保敏感工業的減低排污量行動，以及南中國生產成本相對較高，正積極評估將新生產基地設於江蘇省的可能性。
20061216-269,20061216,269,通脹憂慮消道指創新高,通脹憂慮消道指創新高 【本報綜合報道】美國昨日公布的11月消費物價指數（CPI）溫和，相信可紓緩聯儲局主席伯南克對通脹加劇的憂慮。市場預期美息有望提早回落，刺激道瓊斯工業平均指數早段連續第3日創交易新高，一度升63點，至12480點。截至11時15分，道指報12465點，升48點；納斯達克指數報2465點，升11點。 上月CPI不變 美國11月消費物價持平，連續第3個月沒有錄得按月升幅，不計食品及能源的核心CPI亦不變，為去年6月以來最低。市場原先預期兩個指數均升0.2%。若按年計，消費物價亦僅升2%，核心指數升2.6%，兩者均少於市場預期。  數據公布後，市場預期聯儲局可提早減息，利息期貨交易反映市場預期儲局4月前減息四分之一厘的可能性，由原來12%大增至26%。 憧憬加快減息長債息跌 美國10年期國庫券亦應聲上揚，令孳息急速滑落8.281點子，低見4.514厘。  近日各家華爾街大行排隊報捷，繼高盛後，雷曼兄弟和貝爾斯登前日亦公布強勁的第四季業績，刺激道指周四創下12416.76點的收市新高。  此外，國際油價周五升勢持續，紐約期油電子交易時段曾高見每桶63.09美元，較上日升58美仙；紐約早段報62.85美元，升34美仙。
20061216-270,20061216,270,魚缸暴炒族：海螺調整夠再升,魚缸暴炒族：海螺調整夠再升 在大牛市之下，好多曾經衰到貼地的股份都可以翻生，若然得行業周期之助，股價走出谷底自然事半功倍。好似曾經歷過股價低潮的內地最大水泥生產商海螺（914），可算是年內否極泰來的其中一隻國企股。  海螺現時擁有20條每日生產5000噸水泥的生產線，其第3季純利上升1.8倍至3.34億元人民幣，業績增長主要受惠水泥價格回升。事實上，第4季內地水泥價格仍然上漲，據悉，10月份海螺的水泥產品平均售價由今年首3季的每噸198元人民幣，上升至每噸203元人民幣。  不過，內地總體水泥價格升幅則相對較呆滯，按發改委數據，今年10月全國平均水泥價格僅按年上升3%至每噸284元人民幣。 伺機上破25元 內地水泥行業受發改委政策所左右，未來新型亁法生產水泥將佔全國水泥產量的比例，會由05年的45%上升至2010年的70%，換言之，效率不彰兼設備落伍的小型水泥廠將受行業競爭而擠出市場，無疑令大型水泥廠可乘機搶佔市場空間，海螺水泥將可坐享其成。  海螺股價經過11月中急升上25元水平後有獲利盤，近日股價跌抵21元後，又見回升，估計短線能升越24元，伺機上破25元創出新高。惟10日線未見明顯轉強，暫宜低吸。  方星俠
20061216-271,20061216,271,股海實戰錄：打茅波好易冇得玩,股海實戰錄：打茅波好易冇得玩 今年的新股熱，捧場客只要抽中，可算由年頭贏到年尾，而2006年首日上市最大升幅的新股，剛巧亦由昨日上市編號2006的錦江創下，錦江初段高見4.29元，較招股價2.2元高出95%，最後收3.81元，仍較招股價高73%。不過，昨日高追錦江的投資者則要損手，以平均成交價3.995元計，平均每股要輸0.185元。日線圖上，錦江高開低收，出現陰燭，究竟係高位派貨還是壓價收集？聰明的讀者心中有數。  昨日另一隻令人矚目的股份是和黃（013）。早市股價在76.5元水平橫行，午市甫開，即似火箭升空直達80元，但轉眼間又火箭失靈掉頭直插至77.5元，之後反覆以78.20元收市，仍大升2.9%。  收市後，市傳和黃大波動涉及有虛假收購3G文件出現。這件事令趙飛雲聯想起以前合和（054）的假股票事件，以及粵語古裝袍甲片常聽到的對白─「國之將亡，必有妖孽」。細路仔都知道玩遊戲都要守遊戲規則，如果有人求勝心切打茅波，好容易搞到大家冇得玩。 恒指昨升191點，重返20日線之上收市，報19110。恒指後抽若能守穩20日線18943，短期波動區上移至18943-19318範圍。港股昨日的上升，在技術形態上確是似扭轉短期弱勢，但現時市況多變，無論投資或投機，總要量力而為。  趙飛雲
20061216-272,20061216,272,窩輪心德：國壽輪9946貼價,窩輪心德：國壽輪9946貼價 我們上周提到滙控認購證持續有資金流入，回看本周，這情況持續，過去5天淨流入金額為2.3億元，這已是連續9天出現資金淨流入情況，累積金額為3.8億元。  市場追捧的滙控認購證中，不乏一些短期價外證。以滙控認購證4864為例，行使價146元，1月10日到期，本周當滙控跌近140元水平時，便受到市場的追捧，市場的需求更把該證引伸波幅推至一個偏高水平。當時我們立即發出警告，提醒投資者不要再選擇該證，因這些短期價外證較受時間值影響，加上波幅偏高，在波幅及時間值回落的情況下，4864極有機會出現不跟正股而行之情況。  事實上，這種情況於周四至周五真的出現，現時4864之波幅雖已沒有早前那般高，但仍高於市場平均水平，加上該證現時之價格全屬時間值，如滙控（005）未能於短期內升近其行使價（146元），該證的價值只會逐日被時間值耗損。繼續看好滙控的投資者可留意3407，行使價142元，屬輕微價外之選擇，實際槓桿約16.4倍，明年4月到期。  國壽認購證是第二大淨流入資金窩輪，上周五至本周四淨流入金額約1.2億元，平均佔整體窩輪成交比重約19.6%。國壽（2628）於周五突破20元創歷史高位，最後收報20.6元。市場有不少國壽認購證選擇，惟大部份屬價內選擇，繼續看好國壽，而希望選擇貼價證的，可考慮9946，該證行使價為21.08元，實際槓桿約4.56倍，明年7月到期。  德銀環球市場證券部 (撰寫人為德銀環球市場證券部之代表，本身為證監會持牌人士，撰寫人並無持有文章提及之證券，而德意志證券是德銀認股證及牛熊證之流通量提供者。)
20061216-273,20061216,273,股場放大鏡：真明麗增長空間大,股場放大鏡：真明麗增長空間大 早兩日先至講過隻屢創新高嘅工業股宜進利（304），噚日再升7%，公司公布上半年度營業額12.9億元，純利1.2億元，增長48%，期內來自中國地區嘅營業額倍升，佔咗總收入44%，取代北美成為營業額及盈利貢獻最大地區。  由於公司主要生產基地位於內地，換句話講，公司差不多變成內銷股，難怪會被摩根大通列為來年10大必買「國企」股之一。  另一隻提及創新高嘅永恩國際（210），再升多兩日又創新高，至於幾隻創新低嘅工業股則命運迥異，精電（710）有10厘息打底，連續兩日升分別10%及4%，敢博反底相當和味。  噚日掛牌嘅新股表現好波動，最難抽嘅錦江（2006）表現最勁，開市價較招股價高出近倍，不過都由高位跌咗兩成，兩隻影子股香格里拉（069）及大酒店（045）分別升2.2%及1.2%。中交（1800）開市較招股價高出近七成，但係就由高位大跌18%，表現差過預期，高追者輸得慘烈。  反而真明麗（1868）首日買貨賺錢，應該多過輸錢嘅散戶，因為股價高開9.55元後，15分鐘內已經急跌落全日低位8.04元，之後基本上都係反覆造好。  真明麗造燈飾，過去3年複合營業額增長22%，而且國內市場仲有好大增長空間，講潛質唔會差過其他兩隻新股。  歐陽風
20061216-274,20061216,274,滙翹出招：美滙反覆暫宜忍手,滙翹出招：美滙反覆暫宜忍手 美滙經過感恩節前後急跌，目前見反覆喘定，歐元（兌美元．下同）回落到1.31中位、英鎊退至1.96邊緣、日圓逼近118、瑞郎見1.2146水平。  美元回穩的主要原因，是近日發表不俗的經濟數據驅使。周四出人意表的新申領援助人數（截至12月9日的一周）急跌2萬至30.4萬人，遠少過市場預期的32萬。另外周三一個升幅是市場估計5倍的11月零售銷售（市場估計上升0.2%，結果是勁升1%，減去汽車部份更錄得升1.1%），亦為美元帶來支持。  此外，剛公布的11月份進口價格，在油價顯著回落的情況下，竟錄得上升0.2%，增添通脹壓力，加上聯儲局議息後之聲明中對核心通脹表示關注的詞句，不無給人未來行動是加息多過減息的遐想，美元又怎不作出反彈？ 去向無定難揣測 不過美國雖有加息壓力，但由於樓市和製造業急劇放緩，在未見穩定下來之前，決策者必不敢輕舉妄動。  反而其他主要經濟體系通脹狀況有惡化迹象，英國CPI已升至2.7%，樓市又未見冷卻，市場預期英倫銀行或被迫在2月加息。至於歐元區，筆者一直強調其廣義貨幣供應M3增長若無法收窄，將迫使決策者進一步收緊貨幣政策，行長特里謝暗示，若市場推測其2月加息是錯誤的判斷，希望不會自摑嘴巴吧！  日本又如何？無論從政府調低第3季GDP增長（由2%下調至0.8%），以至昨日無甚新意的「短觀」報告，都無法為央行製造加息藉口，日圓走弱，不無道理。美元現水平去向不易揣測，暫時宜忍手，靜候機會。  滙翹　資深外滙財經評論員
20061216-275,20061216,275,淺談債與息：人民幣同業拆息出爐,淺談債與息：人民幣同業拆息出爐 中國人民銀行副行長吳曉靈周初表示，將於明年元旦開始發布中國基準利率，即人民幣的同業拆息（SHIBOR），以便進一步增加人行利率形成機制的彈性，積極穩妥地推進利率市場化。而香港的財資公會亦於周四公布，下星期一將推出人民幣掉期定價，當中更有本港市場美元同業拆息（USDHIBOR）。  「同業拆息」早已成為大家熟悉的一個名詞，從廣義來說，這個名詞並不難理解──它代表了銀行同業之間的拆借資金成本，由於拆借資金存在不同的期限，故可分為隔夜、1周、兩周、1個月、兩個月、3個月和1年等多種檔期。另一方面，由於世界上有很多不同種類的流通貨幣，所以它亦可分為美元同業拆息、港元同業拆息……等無數類別。由於同業之間的拆息是每刻都在變化的，所以同業拆息不只每日在變，而且應該是每分每秒都不同。  為了增加同業拆息定價的透明度，業界制訂了一套完善的計價方法──針對某一市場、某一時間、某些銀行、甚麼息率、計算公式等得出「同業拆息」，英文稱之為「InterbankOfferRate」。市場同業拆息最為普及的地區有倫敦、新加坡和香港等，銀行大多採用當地較活躍的十多二十家不同背景銀行提供的價格，然後撇除高低價，以簡單平均取得最終數字。  不要誤以為一個地方只有本身貨幣的同業拆息，以英國倫敦為例，它擁有多達9種貨幣，包括英鎊、美元、日圓、瑞郎、加元、澳元、歐元、紐元、瑞典和丹麥克郎，自1986年1月起便由英國銀行家協會（BBA）負責有關安排。所以，我們不要以為倫敦的LIBOR只有英鎊或美元的同業拆息。 港下周起加入美元 至於新加坡方面，也不要誤會它們只有坡幣一種，其SIBOR也同時公布當地的美元同業拆息，由新加坡銀行家公會（ABS）自1988年1月起作出安排。  香港過往的HIBOR同業拆息只有港元，但由下周起，財資市場公會（TMA）便會加入本地的美元同業拆息，香港本地企業進行融資活動，或個人客戶借取美元的同業拆息作為物業按揭時，將可考慮更為貼市的參考利率基準。  陳鳳翔  中國工商銀行（亞洲）助理總經理
20061216-276,20061216,276,港元定期存款利率,港元定期存款利率
20061216-277,20061216,277,外幣存款息率,外幣存款息率
20061216-278,20061216,278,外幣兌港元,外幣兌港元
20061216-279,20061216,279,九九金　港元/両,九九金　港元/両
20061216-280,20061216,280,德永佳純利2.75億增10%,德永佳純利2.75億增10% 【本報訊】德永佳（321）公布截至9月底，中期純利增10.01%至2.75億元，主要受惠於業務增長；每股基本盈利20.7仙；派中期息12仙，增加9.09%。佔總營業額約60%的紡織業務表現理想，增長8%至24.01億元，貨品定單量亦保持穩定。  上半年度營業額39.96億元，增長6.51%。佔總營業額約39%的零售及分銷業務，期內僅增加5%至約15.7億元。德永佳解釋，受上半年度不良天氣影響，令表現低於預期，台灣市場更由於政治環境動盪，期內銷售錄得負增長；但預期零售業務可在下半年度有明顯改善。 該公司指出，由於最近內地政府施行嚴厲的環保措施，針織布行業的整固將因此而加速進行，公司會加強生產力以擴大市場佔有率。
20061216-281,20061216,281,亞太區股市,亞太區股市
20061216-282,20061216,282,銀行同業拆息,銀行同業拆息
20061216-283,20061216,283,金滙走勢,金滙走勢
20061216-284,20061216,284,香港股票派息過戶備忘,香港股票派息過戶備忘
20061216-285,20061216,285,上市公司公布業績預告,上市公司公布業績預告
20061216-286,20061216,286,近期宣布不派息公司,近期宣布不派息公司
20061216-287,20061216,287,嘉鵬園　開價3700萬　渣甸山上車盤,嘉鵬園　開價3700萬　渣甸山上車盤 渣甸山大部份洋房由業主早期持有，甚少放盤，盤源之矜貴，更甚於山頂及南區，現時區內只有七、八座洋房放售，當中逾半數叫價8000萬至逾1億元，僅3伙叫價較相宜，低於4000萬元，屬入場之選，包括以下介紹的嘉鵬園，叫價3700萬。 嘉鵬園位處白建時道分支小路，背靠畢拉山道，環境非常幽靜，私隱度極高。洋房樓高4層，間隔分布清晰，廳房均擁有極之寬敞的空間。最低層的地庫，闢作飯廳及廚房，地方自成一隅，最適合家庭聚會或招待親朋。往上走是地下入口層，全層由客廳佔據，兼外接特大平台，布置可任意發揮。 一樓套房逾800呎 至於最高兩層均為睡房，其中1樓全層僅設一間套房，面積超過800方呎，內附浴室有200餘方呎，大小與現時新樓開放式單位相若，大得驚人。該層外接露台，享全山景。2樓共有3房，其中一房屬套房設計，附設衣帽間。  全屋裝修略為過時，不過代理表示，單位用料相當名貴，尤其全屋5個浴室潔具，全部由外國入口，全部保留予買家。  領域房地產顧問表示，嘉鵬園A座洋房，3546方呎，今年5月份以2920萬元易手，呎價8235元。現時區內同類銀碼放盤僅3個，包括裴樂士道洋房，面積3000方呎，叫價3750萬元，每呎1.25萬元。  記者：蔡家儀  攝影：謝榮耀
20061216-288,20061216,288,樓市快拍香港　鯉景灣10年蝕53萬,樓市快拍 香港　鯉景灣10年蝕53萬 ▲美聯關振恒說，西灣河鯉景灣怡茵閣低層D室，面積630方呎，成交價272萬元，呎價4317元。原業主96年325萬元購入，轉手蝕53萬元，跌價16.3%。 逸樺園兩年升值10% ▲中原袁廣達表示，鰂魚涌逸樺園本月暫只兩宗成交，其中2座高層C室，面積799方呎，成交價515萬元，呎價6446元；原業主04年468萬元購入，現獲利47萬元，升值10%。另1座高層C室，面積790方呎，成交價493萬元，呎價6241元。 杏花邨成交跌72% ▲美聯江偉才指，柴灣杏花邨（圖）本月成交暫只錄得12宗，較上月同期大跌72%。日前成交的37座高層7室，面積608方呎，成交價270萬元，呎價4441元；原業主96年328萬元購入，現蝕58萬元，貶值17.7%。另25座中層07室，面積597方呎，成交價253.8萬元，呎價4251元；原業主持貨約9年，蝕194.2萬元。
