key,date,article_daily_id,title,text
20100730-0,20100730,0,人口推算報告　香港剩女飆升三個女人一個獨身,"人口推算報告　香港剩女飆升 三個女人一個獨身 【本報訊】香港地，越來越多女人剩。政府統計處公佈往後30年人口推算結果，發現本港女多於男的差距將會擴大，未來每三名港女便有一個獨身。剩女飆升，估計現有剩女人口為數五萬。統計處長馮興宏相信，港女擇偶條件會有所調整。記者：蔡元貴、張嘉雯 政府統計處發表《香港人口推算2010-2039》。報告顯示，香港每千名女性對男性的數目，將由2009年的889，顯著下跌至2039年的744。撇除女性外籍家庭傭工的因素，2009年每千名女性有955男性，至2039年則為一千對804。 港男北上娶妻造成 女多男少反映了港男北上娶妻的潮流，報告指出，本港男性出生率其實比女性為多，但持單程通行證到港定居的港人內地妻子眾多，推高了女性數量。2009年，本港錄得51,175宗婚姻，當中18,145宗是港男娶北女的中港婚姻，還有4,194宗港女嫁北男的個案。 內地女子源源不絕輸入香港，嚴重威脅了港女的嫁出機會。統計處資料顯示，近年未婚女性的比例在所有年齡組別都明顯增加。根據人口普查結果，40至44歲年齡組別的女性人口中，未婚女性所佔百分比，由1986年的4%上升至2006年的16%。 剩女氾濫的趨勢預計將會持續，現時大約每八名女性就有一名在其育齡期（15至49歲）完結時仍維持未婚。根據統計處推算，到了2039年，大約每三名女性會有一名獨身。 剩女現象由來已久，統計處長馮興宏說，早在80年代開始，港男北上娶妻成風，近年內地政府放寬自由行，也方便了內地女子來港結婚。北女供港衍生了港女嫁唔出的深層次社會矛盾，馮興宏說，2006年，適婚而未婚的港女比港男多了兩、三萬人；至去年，差距已擴大至五萬。 換言之，全港已有大約五萬名剩女。馮興宏則說此現象「好正常」，並說香港女性也越來越多向外發展，尋求內地或海外的配偶。在昨日的新聞發佈會上，記者問他港女搵老公是否越來越難，馮興宏這樣回應：「睇大家需求，既然大家都察覺到，就會有所調整囉。」 生育率全球第二低 結婚這種從前是理所當然的行為，似乎距離港女越來越遠了。已婚女性的比例在過去20年明顯下跌，根據人口普查，1986年25至29歲女性人口中，已婚女性佔62%，至2006年，比例暴跌至31%。1974年，本港女性初婚年齡中位數為23.1歲，至2009年推遲至28.5歲。 港女獨身趨勢影響了香港的生育率，以1969年出生的女性為例，有34%仍未有子女。1989年出生的女性，更有46%未生育。統計處指出，現代女性一般接受較好的教育及就業機會，她們大多認同遲婚和小家庭觀念，甚至以沒有小孩的家庭為時尚。 香港去年的生育率為每千名女性誕下1,042名嬰兒，是全球第二低，僅高於一千對950的澳門，但預計本港生育率至2039年會跌至一千對936。雖然如此，香港人口仍會持續增長，因為生育率未有計算父母均非港人但在港出世的嬰兒，這類內地父母的嬰兒今年估計有40,500人，2012年升至49,500人，他們將會是香港人口上升的主要動力。 人口推算報告重點 事項：居港人口 推算結果：2009年700萬人居港，2039年升至889萬。 事項：生育率 推算結果：2009年每千名女性生育1,042個嬰兒，2039年下降至936個。 事項：壽命 推算結果：2009年男性平均預期壽命為79.8年，女性86.1年﹔2039年男性壽命上升至83.7年，女性90.1年。 事項：人口老化 推算結果：2009年65歲及以上人口佔13%，2039年升至28%。 事項：性別比率 推算結果：2009年每千名女性對889名男性，2039年下跌至每千對744。 資料來源：政府統計處"
20100730-1,20100730,1,遊台遇塌方　港客逃出阿里山,遊台遇塌方　港客逃出阿里山 【本報訊】台灣近日迎來連場大雨，港人熱愛前往的旅遊景點阿里山因豪雨成災，前晚阿里山公路出現塌方，長達40米的道路被土石掩埋交通中斷，當地傳媒報道，有香港遊客在山上旅遊時剛巧遇上路塌，需要徒步走離開山區，險象環生。香港旅遊業議會暫未收到有旅行團被困山區或遇上塌方意外的報告。 扛行李徒步離山區 繼日前有9名韓國旅客因為交通中斷被困阿里山區內鄉村後，阿里山公路59公里處前晚8時許又因山石泥崩塌，將該處長40米的路段全部掩埋，令山區對外交通再度受阻。 當地傳媒報道，不少正值在山區遊覽的旅客昨日大清早便徒步趕路下山，有旅客需要扛起行李，經過塌方位置時更是非常驚險。有大批旅客表示來自香港，要把握雨停和搶修工程的空檔才能下山，又指難得來台灣遊玩卻遇上天災，連到著名景點奮起湖的行程也要取消，日出和檜木小火車都未觀賞遊玩便要離開，感到十分可惜。 雖然阿里山公路出現塌方，猶幸塌方當晚7時許經已封閉道路，塌方時未有人車通過現場，但上月底才修整通路的阿里山公路再度中斷，勢必影響到暑假黃金檔期的旅遊生意。
20100730-2,20100730,2,叠翠軒夾屋貨尾漏水發霉業主轟房協誤導︰家比呃秤更嚴重,叠翠軒夾屋貨尾漏水發霉 業主轟房協誤導︰家比呃秤更嚴重 【本報訊】貨尾夾屋，滲水又發霉。香港房屋協會的將軍澳叠翠軒貨尾單位業主最近收樓，在連場暴雨過後，有業主投訴單位滲水，並發現部份牆磚空心。單位內的窗台和木板，更加因滲水引致發霉。業主不滿房協的交樓質素，遠不如示範單位，批評房協誤導。 房協今年三月推出464個叠翠軒單位，部份業主本月收樓。業主盧先生昨向亞洲電視投訴，單位滲水問題相當嚴重。廚房內的瓷磚，部份是空心磚。廁所浴缸的水龍頭和去水位，方向都被調轉。業主也懷疑單位廁所門頂的橫樑，有偷工減料。 房協跟進瓷磚剝落 盧先生表示已多次向房協反映不滿，但房協指有關問題不會令單位有即時危險，因而拒絕為業主維修。 盧先生與十多名業主都不滿房協的交樓質素及處理手法。盧先生說：「家比呃秤更嚴重！你睇完（示範單位）後，交樓標準都唔同咗！最初以為自己好幸運買到樓，變到家都唔知究竟係咪一件好事！」 盧先生不滿在未完成交易前無法看單位，認為這是售樓程序出問題。 他要求房協將單位保養期由一年延長至三年。房協發言人表示，準買家簽了臨時及正式買賣合約前後，都不可以去看現樓。 當他們簽了轉讓契約，即「交吉」收樓之前，才可看看單位是否真空置，但並不是驗樓。房協表示，業主可向他們直接反映問題，並表示會按承諾書條文，跟進單位瓷磚剝落、喉管滲水等問題，其他問題則要視乎情況處理。 12年前引發撻定潮 今次重推的叠翠軒貨尾單位，分別為建築面積由568平方呎至827平方呎的兩房及三房戶，售價由130萬元至280萬元，平均呎價為3000元。叠翠軒在1999年落成，總共有1424個單位。該屋苑可以說是「問題夾屋」，早在12年前該屋苑最初推售時，就已有買家投訴單位滲水和有空心磚。當時正值樓市大跌，曾引發一場大規模的撻定潮。
20100730-3,20100730,3,領都10業主斥長實拖延交樓,領都10業主斥長實拖延交樓 【本報訊】近10名長實集團旗下日出康城領都業主，不滿長實將交樓日期拖延一個月仍未有定案，在入伙日子大失預算下損失慘重，今天到消費者委員會投訴長實集團。一直協助領都業主的區議員方國珊更爆料，指長實日前才向地政總署交齊所有准許業主入伙的「轉讓同意書」，認為長實應向受影響業主賠償損失。 今向消委會投訴 長實早前向領都業主發信，表示因為天氣惡劣，要將原定6月30日的入伙日期押後一個月，即業主在本月30日才能收樓。但有領都業主向本報投訴，指長實至今仍然未確認業主能在今日（30日）成功收樓，相信再度押後的可能性極大，不滿長實對交樓日期一拖再拖，今天將到消委會投訴。 原預計6月底遷入領都新居並在早前賣掉原有物業的譚女士昨指，長實延期交樓後已用了約1.1萬元在嘉湖山莊海逸酒店租房一個月；但長實始終不肯落實入伙日期，預計要再多住酒店一個月，加上要另租倉庫存放新購置傢俬，「損失好慘重」，怒斥：「有乜理由長實做得唔好，要由受害人去承擔（損失），佢哋應該主動賠償畀班業主。」 一直跟進領都事件的自由黨西貢區議員方國珊引述地政總署一名助理署長昨天向她透露，指長實截至前天才交齊一切容許業主入伙的所需文件，「佢哋咁遲交，地政總署好難咁快審批到，點可以喺8月中交樓？」既然是人為錯失，方國珊指長實集團應該承擔業主因為延期收樓而招致的損失。
20100730-4,20100730,4,疑二判拖欠薪金近百萬日出康城爆工潮,疑二判拖欠薪金近百萬 日出康城爆工潮 【本報訊】將軍澳港鐵站上蓋樓盤「日出康城」地盤發生工潮。30多名為地盤商場進行釘板、泥水及上板等工人，不滿被二判拖欠近百萬元薪金，昨早上封鎖地盤出入口抗議，又不准其他工人及車輛進入地盤。勞工處人員協助調解下，大判同意墊支欠薪予工人，工潮才告結束。 大判墊支工潮結束 30多名為地盤商場進行釘板、泥水及上板等工序工人，多番向二判建築公司，追討被拖欠近百萬元薪金無果後，昨早上8時許，齊集地盤門外進行抗議。工人掛上「有汗出無糧出」、「無良判頭唔出糧」等抗議橫額，用鐵鏈鎖上商場地盤兩個出入口鐵閘，不准車輛出入地盤；同時派人在旁邊工人出入口，阻止其他工人進入地盤開工以示抗議。 地盤負責人報警求助，由於工人未有激烈行動，10多名警員僅在旁監視戒備。至早上9時許，勞工處人員到場調解，抗議的工人同意開鎖讓地盤恢復運作。勞資雙方在勞工處人員協助下，談判至下午達成協議，大判精進建築公司同意墊支欠薪予工人，工潮和平結束。
20100730-5,20100730,5,數千狂迷半夜搶購iPhone4行貨炒貴逾倍　網上預訂也擠塞,"數千狂迷半夜搶購iPhone4 行貨炒貴逾倍　網上預訂也擠塞 【本報訊】備受矚目的蘋果iPhone4，今日在全球17個國家和地區同步開售，本港凌晨零時即掀起搶購熱潮。有急不及待的「iPhone迷」昨晚7時已到有售iPhone4的電訊商門市排隊。iPhone4在網上被熱炒，官方定價5,888元的32GB版，炒高至1.2萬元。網上預訂更造成網絡大擠塞。記者：黃偉駿、蔡朗清 本港是今次獲蘋果指定為發售iPhone4的17個國家和地區之一，與新加坡是僅有的亞洲城市。蘋果香港發言人不肯透露iPhone4在本港發售的首批數量。三間獲授權代理iPhone4的電訊商：數碼通、3香港及香港移動通訊（CSL）昨晚分別舉行「首輪派對」，安排已預先登記及獲選的首批合共數千名客戶優先購買。 昨晚七時開始有人龍 三大電訊商各出奇謀搶客，其中CSL首次通宵營業，旗下20多間one2free專門店及1010Centre今晨零時起售賣iPhone4。位於銅鑼灣怡和街one2free專門店，昨晚7時已有iPhone迷排隊等候買新機，至昨晚10時人龍已有百多人。排頭位從事飲食業的張先生表示，擔心iPhone4首批貨量不多，收工後馬上來排隊買機，「我都知道iPhone4缺貨缺得好犀利，我唔想等第二批」。 30多歲的張先生表示用了三代iPhone，而iPhone4性能較3GS更高，如鏡頭像素提升，外殼型格十足，「佢喺美國一出就想買，但水貨價錢好貴，又要解鎖，咪等到行貨推出先買，今次我會買兩部16GB，一部自用，一部放售9,000元」。 對於外間批評iPhone4的天線設計有問題，接收力弱，張先生相信配上膠殼後會有改善，但「為咗加強iPhone4接收能力，會選擇一個表現較好嘅網絡供商」。 iPhone4掀起搶購熱潮，但首輪貨源有限，有市民不滿電訊商無法保證有貨。iPhone迷Henry每當蘋果推出新款iPhone，均即時購買水貨或行貨，他原打算透過CSL1010購買iPhone4，惟1010職員要他先交信用卡資料登記，卻不保證有貨，並聲稱即使無法今日付貨也會過數。CSL發言人其後澄清是職員解釋出錯，強調未付貨不會過數。 商戶指水貨價已喘定 網上預訂也造成網絡大擠塞。有市民昨午上數碼通網站登記，一度無法登入。有網民被抽中首輪選購iPhone4，昨預先在網站拍賣，原價5,888元32GB版iPhone4，炒高至1.2萬元。 專賣水貨iPhone的G-WorldMobile負責人劉志剛表示，雖然蘋果公佈iPhone4官價後，水貨一度大割價，16GB版由高峯14,800元跌至10,800元，32GB版由16,800元跌至12,800元，但認為已跌至最底線，「首輪一定好多人買唔到，會嚟幫襯水貨」。他已預留10多部水貨應市。 IT達人堅持不買水貨 【本報訊】iPhone4掀起搶購熱潮，但首輪貨源供應有限，有水貨店表示已預早增加入貨，應付大批無法在首輪購買到心頭好的iPhone迷。不過，有IT達人堅持不買水貨，認為價錢被搶得太高，寧願忍手待蘋果官方店有售才購買。 香港互聯網供應商協會副主席葉旭暉指很多IT人對iPhone4充滿期待，他自己是iPhone3G與3GS用家，但因iPhone4首輪貨源有限，難免僧多粥少。 「新產品買先未必着數」 不過，葉旭暉堅持不買水貨，「呢類新產品買先未必着數，可能好快又會發現其他問題，遲個幾星期買就最穩陣」。 管理熱門科技網站「香港高登」的活現媒體傳播行政總裁林祖舜，也是iPhone3GS用家，同樣不打算加入iPhone4的首輪搶購。 林祖舜認為，iPhone4的水貨價錢被搶得太高，已經變得不合理，「太貴喇，要萬幾蚊一部，我唔會買」。他說會忍耐一下，待蘋果官方店有貨，才去購買心頭好。"
20100730-6,20100730,6,20人業餘「腦力創作」iPhone程式青年開發Apps　搵錢夢工場,"20人業餘「腦力創作」iPhone程式 青年開發Apps　搵錢夢工場 iPad、iPhone4連環殺到，不少蘋果迷爭先搶購潮物，有80後青年則視iPhone為「夢工場」，開發遊戲程式在熱潮中分一杯羮。現時全港有約20名業餘iPhone程式開發員，他們在正職以外「腦力創作」，賺取滿足感和每月過萬元外快，更有機會一朝致富。記者：林浚川 蘋果iPhone其中一個成功關鍵是AppStore（應用程式庫），企業或者個人只要付99美元（約772港元）註冊費，便可以將開發出的軟件或遊戲放上AppStore，透過iPhone、iPad或iTouch賣給全球超過5,000萬用家，利潤由開發者與蘋果七三分賬。現時AppStore上有超過22.5萬個Apps，遊戲軟件約佔一成半，但收益卻佔總數超過三成、逾39億港元，全球有不少人因為開發出受歡迎遊戲而走上發達之路。 每月賺過萬元 在理工大學電子計算系任講師的Simon雷兆恒，兩年前開始寫iPhoneApps，大部份都是小遊戲，他說：「到家大約賺咗幾十萬啦，都未稱得上係一桶金。」28歲的Simon最近推出的遊戲名為「天下太平」（TinhaWar），他說：「遊戲構思來自香港人集體回憶，相信好多70、80後都玩過。」 「天下太平」首月賣出約4,000個，為Simon帶來3.5萬元收入，之後每月仍帶來數千元收入，加上Simon過去創作的遊戲仍在發售，所以Simon每月從iPhoneApps都得到過萬元收入。他說：「除咗賺到錢，自己嘅程式咁多人畀錢買，都好有滿足感。」 同樣為了滿足感，一個港產音樂遊戲TrackRider應運而生。TrackRider玩法類似「結他機」和「打鼓機」，玩家按節拍和圖示輕按屏幕得分，特別之處是遊戲內六首歌曲全來自本港的獨立樂隊，部份畫面更落重本到歐洲取景，顯示製作誠意。 為遊戲提供歌曲的Stage-Tube.com負責人譚達華說：「當然希望遊戲賺到錢，但更加希望世界各地嘅蘋果用家可以認識到香港音樂。」設計遊戲程式的峰哥則表示，編寫iPhone遊戲是以個人興趣和滿足感為目標，賺大錢反而其次。他和Simon都表示，iPad屏幕更大，局限更少，因此針對iPad開發更好玩遊戲，將會成為他們一班業餘程式開發員的新挑戰。 入行資格：最緊要喪 智能手機軟件市場「錢途」一片光明，行內對程式設計員求才若渴，新入職全無經驗月薪已可達1.8萬元，具經驗的大師傅月薪更可達4、5萬元，有僱主表示請人條件是不問學歷，最重要有非凡創意。 「請人唔睇學歷」 不論是蘋果iPhone還是GoogleAndroid，都有自己一套電腦程式語言，理論上任何人都可自學成師，不過實際上最少要掌握C++或Java等基礎程式語言，才有能力融會貫通。SinoDynamic董事江慶恩表示：「我哋請人唔睇學歷，而係睇佢識唔識基本功，而且最緊要夠喪。」 江慶恩解釋，編寫程式需要非凡創意，還要「有heart」，捱更抵夜熬出創意，缺乏這份投入感便難成功。而在理大教書的Simon表示，青少年入行前必須打好基礎，「最好讀大學接受基本訓練，如果唔係就要自己積極進修」。"
20100730-7,20100730,7,軟件公司崛起　擬明年上市,軟件公司崛起　擬明年上市 蘋果手機全球熱爆，不少企業都希望推出自己的iPhoneApp吸客，有本港軟件開發公司因軟件產品獲市場受落，「生意多到做唔晒」，盈利颷升，可實現上市集資大計。業內人士指出，隨着iPhone4推出，加上GoogleAndroid手機系統冒起，兩大陣營大鬥法，誓必刺激手機程式市場繼續擴大。 「生意多到做唔晒」 軟件開發公司SinoDynamic由09年至今推出32個iPhoneApps，當中最為人熟悉的是「按揭通」，董事江慶恩說：「當時都冇諗過咁簡單嘅程式會咁受歡迎。」「按揭通」是讓用家透過iPhone完成按揭申請，軟件公司從每宗成交個案抽佣，單是3月至今已經為公司帶來逾230萬元收入。 食住這條搵銀方程式，江慶恩陸續與其他企業合作推出買樓、買船票、買戲票和訂酒店等等應用程式，公司盈利直線上升，現時在馬來西亞有分公司，未來更計劃擴充到內地和台灣，預計明年便可在創業板上市，江慶恩說：「家連海外企業都搵我哋幫手，生意多到做唔晒。」他預計，GoogleAndroid手機系統很快便會與蘋果iPhone分庭抗禮，屆時編寫程式要分兩個版本，公司前景非常樂觀。
20100730-8,20100730,8,無錢成行　爛塊面籌措參賽經費林護中學險錯失世界冠軍,"無錢成行　爛塊面籌措參賽經費 林護中學險錯失世界冠軍 【本報訊】葵涌屋邨名校聖公會林護紀念中學派出52人合唱團，憑《遺忘》等四首歌，在第六屆世界合唱比賽奪得本港第四個冠軍。他們喜極而泣，但也受屈而哭，因得獎後的冠軍隊表演騷，林護隊竟被大會遺忘，臨時不獲安排演出。美國隊的指揮得悉後召回隊員，特意欣賞林護隊獻唱，令林護隊獲得比冠軍更可貴的獎賞。 記者：周靜文　倪清江 這項比賽被譽為合唱界奧林匹克，今屆日前在浙江紹興舉行，來自83個國家和地區共472隊合唱團，爭奪20個大獎。拔萃男書院和拔萃女書院共獲三個冠軍；在港屢獲獎的林護隊首次出戰國際賽，前晚深夜才凱旋返港。 林護隊參賽首先面對經費問題，帶隊的音樂科老師李少薇昨日接受訪問時說，該校學生多來自草根家庭，「我哋52個學生中，有三分一人有經濟困難，要靠資助先可以去比賽」。 美國隊重返會場欣賞演出 拔萃生每人花8,000元參賽。李表示，最便宜機票連酒店也要每人6,000元，因此一度想放棄，但學生很想參加，「為咗令學生去得成，真係要爛塊面去求校董會資助，申請一個又一個基金」。最終籌足經費出賽。 結果林護隊不負眾望，憑自選一曲《遺忘》和演唱另外三首歌獲得金獎，更以90.25分，力壓90.13分的杭州師範大學隊，奪得青年混聲合唱組冠車，領獎時不少成員激動落淚。 大會安排七組奪冠隊伍當晚表演，林護隊是其中一隊，當日下午綵排，但晚上前五隊演出後，大會即安排大合唱表演後匆匆完場，沒通知林護隊。李老師說，大會解釋當時另一隊放棄表演，又找不到他們，林護的隊員當場失望痛哭。 觀眾陸續離場，美國「團結之音合唱團」的指揮了解事件後，立刻召回已坐車離開的隊員，欣賞林護隊的演出。結束後美國隊隊員擁抱和激勵他們，李老師感慨說：「呢個經歷比得獎更難能可貴，相信學生一生都記得！」 批評港府只資助運動比賽 隨團老師其後試圖追究，但主辦單位反問「你們想怎樣？」只稱下屆可少收一半報名費作補償。李老師表示，下屆比賽在美國進行，每人費用至少2萬元，學生無能力負擔。不過學生受訪時都表態希望參加，但坦言無錢。 李老師批評政府側重資助團體出外參加運動比賽，對音樂比賽資助很少，「今次政府一毫子都唔使出，就可以有咁大嘅榮譽，邊係派出呀？係我哋自己辛辛苦苦爭取返嚟咋」。"
20100730-9,20100730,9,恒商高考生上訴變6A狀元王,恒商高考生上訴變6A狀元王 【本報訊】考試及評核局評卷失準，險埋沒今年第二名高考6A狀元王。原獲5A1B的恒生商學書院高考生蔡文軒，不忿在校內試獲A級的英文科，於高考中只獲B級，毅然花了近900元申請覆卷，結果上訴成功，英文科由B升至A，成為今年高考全港兩名6A狀元王之一。 890元上訴費獲發還 高考上月30日放榜，今年有21名高考5A狀元，蔡文軒是其中一人，全港6A狀元王當時只有恒商的鄭復威。蔡文軒昨表示，在校內期中試和模擬試英文科均獲A級，因此對該科在高考獲B級感到意外，老師當日提議他上訴，最終他付出了890元予考評局覆核全科五份試卷。他昨晨回校領取上訴結果，這次他感到驚喜說：「見到升grade（級），喜出望外，我覺得係錦上添花。」重評結果顯示，其中綜合能力卷由C升至B級，英文科因而升一級至A級。 他不怪責閱卷員，因該份卷有主觀成份，「呢份卷睇流暢度、語境意識，（閱卷員）主觀咁畀分」。他讚揚考評局設立上訴機制，但認為覆核費用偏高，可能令考生打消上訴念頭，促降低收費，「890蚊夠買兩對波鞋，同食好多餐飯」。因上訴成功，他獲發還上訴費用。 大學聯招昨放榜，文軒獲派首志願的港大法律系，之前他因為英文科僅獲B級而憂慮了一個月，「法律系英文科有A係會好啲」。他也報讀倫敦大學英皇學院（King'sCollegeLondon）法律系，正等待英國高考放榜結果。 兩年前在會考最佳六科獲得29分的他，因想轉攻商科，於是轉到恒商讀預科。不過他視皇仁校友、律政司司長黃仁龍為偶像，希望日後學大師兄做大狀和從政。 恒商校長崔康常表示，一直以來學生在校內模擬試獲得的成績，與其他在高考所得差不多。多年前一名考獲4A學生，企業概論科上訴後也獲提升至Ａ級。 另外，患有嚴重肌肉萎縮症的紅十字會甘迺迪中心劉肇豐，獲理工大學取錄，入讀首志願電腦課程。他在放榜當日，認為只獲1B2C2E對不起父親，當場哭起來。
20100730-10,20100730,10,13歲上癮　曾偷母婚戒換毒品正生學子迷途知返考會考,13歲上癮　曾偷母婚戒換毒品 正生學子迷途知返考會考 【本報訊】參加應屆末代會考的正生書院學生陳天駿，六年前為了有錢買毒品不惜做家賊，連母親的結婚戒指也偷去賣。為挽救這逆子，陳媽媽大義滅親報警拘捕他，其後也是陳媽媽用母愛激勵他返回正途，令他再有人生目標。 末代會考下周三放榜，教導毒學生的正生書院有14名學生應考，現年19歲的陳天駿是考生之一。他的毒癮在13歲時開始，大麻、K仔、搖頭丸無一不好，買毒品的錢從何而來？先偷別人東西變賣，其後連家賊也做，母親結婚戒指也不放過，與朋友一同入家偷竊，陳媽媽終忍不住，報警大義滅親。 感謝母親報警令他改過 母親報警將自己拘捕，他當然接受不來，母子關係跌至低谷。在他被拘留於西貢壁屋懲教所的三星期，陳媽媽每朝七時由銅鑼灣跑去探他，風雨不改，「佢不斷同我解釋，點解決定報警」。母親苦心終打動逆子肯回頭，在感化官的判決下入讀正生書院，接受戒毒治療及繼續學業，母子關係大大改善。 陳天駿現反而多謝母親當日狠心對自己，「如果唔係媽咪大義滅親，可能我變本加厲，後果更嚴重」。他期望可獲好成績繼續升學。 同校的19歲呂耀豪曾經因吸毒險死，出院後仍不知錯，結果因傷人、濫藥和違反感化令，被判入正生書院。在正生又因情緒失控，三度與人打架，校方報警拘捕他。重返正生後立志改過。他期望會考獲得5科及格。 另外，學友社昨公佈將於放榜前後，設立38條輔導熱線，為考生及家長提供學額查詢、升學和就業資訊。
20100730-11,20100730,11,放下無謂堅持　熟女有轉機,放下無謂堅持　熟女有轉機 【本報訊】男女比例失衡，要找伴侶，以「30尾」的女士最高危。有約會顧問指，男士多選擇較自己年輕5至10年的對象，「40歲嘅男人根本唔會見呢個agegroup（30尾）嘅女人，就算你話可以見細你兩、三年嘅男人，但係呢班人會見你嘅機會係零囉」。她呼籲「熟女」放下「無謂的堅持」。 「約匯」度身姻緣配對服務顧問容靜儀表示，「30尾」的女士最為棘手，「女人35歲係好嚴重嘅心理關口，過去大半年我哋收到好多38、39歲嘅女士，但係我哋都推，因為真係做唔到嘢」。 新來港女士添競爭 但思想會隨年齡轉變，「去到40歲又做得番，因為佢哋會考慮另外一啲選擇，好似50歲頭嘅男士，經歷過婚姻失敗，想搵啲思想接近嗰啲」。她指，現時多了20出頭的年輕女性選擇配對服務，「佢哋會諗畀自己多啲機會，拍咗一、兩年拖真係散咗，都係27、28歲啫，仲有機會揀」。她呼籲「熟女」放下「無謂堅持」，「有啲人一定要搵好叻嘅男士，你家搵緊終身伴侶，要搵一個每日同你相處舒服嘅人，叻唔叻根本冇關係」。 PearlSingleClub負責人Mable則指，近年多了新來港但已離婚的女士尋求配對服務，令本港女性面對的競爭更激烈。
20100730-12,20100730,12,台灣立法院專題報告指出香港新聞自我審查惡化,台灣立法院專題報告指出 香港新聞自我審查惡化 【本報訊】台灣立法院報告發現，香港九七回歸及實施CEPA之後，傳媒老闆與內地關係糾纏不清，自我審查惡化，新聞自由倒退。本港記者協會認為，網上媒體興起，主流傳媒再也不是市民的唯一選擇，自我審查只會繼續「趕客」。 台灣最快下月與內地落實兩岸經濟合作架構協議（ECFA），當地立法院法制局專題研究報告，探討港澳傳媒於九七回歸及落實CEPA（中港更緊密經貿關係）後的新聞自由變化。報告指出，中央簽署聯合聲明後，內地積極透過「統戰、分化、施壓、封官、收買或封鎖新聞來源等方式」，「逐漸掌控香港傳媒」。 兩地04年實施CEPA後，傳媒企業拓展珠江市場。報告又引述「美國自由之家」稱，早前入股本港亞視的旺旺集團在台灣買下中時集團後，報社對兩岸問題軟化，ECFA實施後更難阻止中資集團進入台灣傳媒，台灣傳媒逐漸「香港化」，「結論是，香港、澳門傳媒雖然從中國大陸獲得一些經濟利益……傳媒逐漸中國化」。 可循其他渠道搵新聞 香港記者協會主席麥燕庭表示，該會07年做過調查，逾七成受訪者認為回歸十年來，本港新聞自由倒退，主要牽涉中國政府及傳媒老闆利益。她認為，自我審查日益嚴重，是大眾普遍印象，「有啲老闆就算家喺大陸冇生意，都會睇住中國個市場」。雖然她承認傳媒生態「唔理想」，但呼籲港人不要悲觀，「唔係冇得逆轉。主流傳媒點做，市民睇到。科技咁先進，市民會轉向網上媒體，從其他渠道搵新聞，主流傳媒會感覺到呢種heat。點都要繼續爭取，新聞自由、人權從來都係咁，放棄就乜都冇」。
20100730-13,20100730,13,米蘭站改福利　20員工請假抗議,米蘭站改福利　20員工請假抗議 【本報訊】專售二手名牌手袋的米蘭站爆發工潮，香港及澳門其中兩間分店約20名員工，不滿米蘭站更改花紅制度，令收入減少，昨日集體請病假抗議，兩店昨在人手完全真空下，被迫暫停營業一天。 米蘭站負責人姚君達表示，米蘭站在中、港、台及澳門共有14間分店，聘請逾百名員工，受租金上調壓力及連日來暴風雨生意額下跌等因素影響，公司計劃更改員工花紅制度，但員工不滿新制可能影響收入，故提出反對，昨日位於尖沙嘴活方商場及澳門的員工，共約20人集體請病假，故兩店昨日未能如常營業。 擱置減花紅員工今復工 姚君達承認與員工溝通不足，故昨日與員工磋商後，決定擱置所有影響員工收入的方案，一切維持不變，所有分店今日將如常營業。雖然最低工資推行在即，但由於現職員工的薪金水平，其實較市場同類職位高出三成，故最低工資對公司影響不大，而公司也暫時未有計劃更改員工的其他薪酬福利。姚又強調，員工是公司寶貴資產，不會處分任何告病假的員工。 有員工指，米蘭站今次更改花紅計算方法，令部份員工收入大減三成，故不得不以集體行動迫使資方讓步。
20100730-14,20100730,14,公院醫療事故半年死七人儀器遺留病人體內大增六成六,公院醫療事故半年死七人 儀器遺留病人體內大增六成六 【本報訊】公立醫院去年10月至今年3月發生20宗嚴重醫療事故，較之前半年增加約33%，當中一半進行手術或介入性檢查後，遺留儀器或用具在病人體內，部份病人要再做手術取出儀器。醫院管理局承認，遺留儀器的事故有上升趨勢，較之前半年增加約66%。有病人組織表示，醫護人員必須改變心態，跟足程序點算儀器。 記者︰陳沛冰 醫管局昨發表醫療事故報告，指該20宗嚴重醫療事故，當中10宗屬進行手術或介入性檢查後，遺留儀器或用具在病人體內。其中4宗屬遺留解剖刀刀片及鼻胃喉管，3宗屬遺留手術紗布及3宗屬遺留導引線。 手術後沒檢查用品 09年4月至9月則有15宗嚴重醫療事故，當中6宗屬遺留儀器在病人體內。由07年10月至09年3月，每半年有21至25宗事故，當中有5宗至7宗遺留儀器在病人體內。醫管局承認，遺留醫療用具的事故有上升趨勢，主要因員工沒有足夠溝通；手術後沒有檢查醫療用品；沒有發現有儀器殘留在病人體內，亦有因紗布沾染血液後難以檢查。 該局表示，為減少事故，該局要求員工要檢查及記錄手術用具數目及完整性，當用具由病人體內取出後，要立即檢查是否有遺留。 由09年10月至今年3月的事故中，還包括3宗做錯手術及錯誤身體部位，如進行脊椎手術時做錯位置，以及本應只切除病人子宮，但醫生將病人的卵巢一併切除。另有5宗病人自殺，及2宗孕婦分別因產後出血及羊水栓塞而死亡。事故中7名病人死亡，當中包括兩名孕婦及5名自殺病人，另有6人有嚴重影響。 醫護必須改變心態 社區組織協會幹事彭鴻昌表示，醫護人員必須改變心態，按程序點算工具數目，「好多人因為心態問題，諗住唔跟程序都得」。醫管局應檢討在病房進行的介入治療程序，是否有足夠指引，提醒醫護人員檢查儀器數目。 醫管局今年起擴大呈報範圍 【本報訊】醫管局今年1月起擴大醫療事故呈報範圍，有可能引致病人死亡或永久受損的事故，即使最終病人沒死亡或受損亦需呈報。今年首3個月接獲22宗有關呈報，當中15宗屬處方已知病人會過敏的藥物，7宗因調亂病人身份而開錯藥。 醫管局首次公佈可能引致病人死亡或永久受損事故，15宗與藥物有關事故中，10宗屬處方已知會令病人過敏的藥物，當中6宗屬盤尼西林類藥物、2宗屬必理痛、7宗屬降血壓藥等。另外3宗事故屬處方錯誤藥物或劑量過多，另1宗屬注射過量胰島素，餘下1宗屬其他藥物問題。另有7宗因調亂病人身份，引致處方不需要或不當藥物。 1病人嚴重受影響 事故中18名病人沒有或有輕微影響，3人需進一步治療，1人嚴重受影響，一度心跳過慢及有高血鉀症。醫管局指，醫護人員沒有進行三核五對步驟，及沒有核實病人藥物敏感病歷所致。 香港醫院藥劑師學會副會長崔俊明表示，對盤尼西林類藥過敏，輕則出紅疹、重則引致血壓下降，喉嚨腫脹引致窒息死亡。 公立醫院醫療事故數字 嚴重醫療事故（09年10月至今年3月） 種類：遺留手術用具或儀器在病人體內 個案：10宗 種類：病人自殺死亡 個案：5宗 種類：在錯誤病人或病人的身體部位做手術 個案：3宗 種類：孕婦與產子有關死亡 個案：2宗 總數：20宗 有可能對病人造成永久傷害的醫療事故（今年1月至3月） 種類：與藥物有關問題 個案：15宗 種類：調亂病人身份引致處方藥物出問題 個案：7宗 總數：22宗 資料來源：醫院管理局
20100730-15,20100730,15,涉不當打消脂針　三次提覆核未應訊西醫稱遇劫聆訊再押後,涉不當打消脂針　三次提覆核未應訊 西醫稱遇劫聆訊再押後 【本報訊】婦產科專科醫生杜振峰被指五年前替一名女子進行消脂針療法時，使用沒有在港註冊的藥物涉嫌專業失當，案件昨日在醫務委員會開審前夕，杜振峰報稱在深圳被扑頭遇劫受傷，未能出席應訊。醫委會最終將案件押後至下月25日再審，但表明杜須出示遇劫和受傷證明。 律師稱在深圳遭賊扑頭 杜振峰被指於05年時，替女病人劉女士進行中胚層療法（又稱消脂針，MesotherapyInjection），使用沒有在港註冊藥物，涉違反專業操守被投訴，醫委會原定去年一月處理該案件聆訊，但杜曾就事件三次提出司法覆核，指病人並非由他主診、病人提交的文件欠完整等，認為醫委會仍要召開聆訊對他不公平，但最終杜仍需於昨日接受醫委會聆訊。 至昨日聆訊展開時杜卻沒有現身，只委派代表律師向醫委會申請延期審訊。律師指杜前晚八時許於深圳回港時遇賊扑頭打劫，頭皮撕裂受創，全身也有多處傷痕，並正在深圳南山醫院留醫。代表律師又在庭上出示南山醫院提供的醫療文件，指杜已送入腦外科，希望委員會可將聆訊延期。 本報記者昨到南山人民醫院探訪杜振峰，身穿杏色白間條恤衫及黑西褲的他正在打吊針及講手提電話，見到記者走近即用床單冚頭，不停大叫：「我唔識你，冇嘢同你講。」 院方透露，前晚8時許，杜振峰到急診室求診，他向醫生聲稱在街頭被人用硬物扑頭搶劫；當時杜的頭頂位置有傷痕，頭部有破損及流血。由於僅屬皮外傷且傷口不大，故毋須縫針及包紮。醫護人員給他清洗傷口，着他留院觀察。 南山派出所無相關個案 南山區南頭派出所及南山派出所值班室的公安表示，前日轄區內，並未接過港人遇劫的報警或求助個案。 醫委會經退庭商議後，接納杜振峰的延期審訊申請，押後至下月25日再審，並要求杜振峰需出示遇劫的相關證明和醫療報告等，又要求他回港後接受本港醫生檢查提交詳盡報告。 杜振峰早於97年時因替一名孕婦切除纖維瘤時把對方子宮、右輸卵管及卵巢一併切除，被醫委會裁定專業失當發警告信，其後又被該名孕婦索償賠款150萬元。
20100730-16,20100730,16,高院准延長查氏兄弟臨時禁制令禁查懋聲賣股　蔡衍明又贏一仗,高院准延長查氏兄弟臨時禁制令 禁查懋聲賣股　蔡衍明又贏一仗 【本報訊】亞洲電視（亞視）股權風波，股東蔡衍明興訟控告另一股東查懋聲、查懋德及計劃入主的內地商人王征，蔡衍明昨獲高等法院延長早前所頒的臨時禁制令，禁止查氏兄弟將旗下持有亞視部份股權的公司股份出售予內地商人王征，直至案件有判決為止，但法庭則解除對王征的臨時禁制令。 記者：梁瑞珮　何凱兒 繼早前禁制亞視低價發可換股債券後，蔡衍明乘勝追擊，阻撓查氏兄弟與王征的亞視股權交易。 王征禁制令被解除 蔡衍明表示，對於法院頒佈禁制令保護他在亞視的投資權益感到鼓舞，而法院的決定令他堅信香港是一個有道理可講的地方。蔡衍明一方又指，就禁止王征完成收購Pelaka股份的禁制令，法院認為關於「王征促使查氏兄弟違反與蔡衍明簽訂合約」這一論點，蔡衍明道出了「好的，可辯駁的理據（goodarguablecase）」，但蔡衍明的利益已通過限制查氏兄弟出售其在Pelaka中的股權而得到了保護，蔡衍明對此表示滿意，因為他在事實上已獲得了向法院申請的結果。 查懋聲一方則對臨時禁制令沒有獲得解除感到失望，但仍然尊重法庭的決定。查懋聲的發言人稱，這個非正式審訊的臨時禁制令，是為了在將來案件正式審訊之前，暫時把事情保持現狀，而非法官對各方之間的爭議作最終決定或裁判。法官表明，王征的禁制令被解除，因為禁制查氏已足夠阻止王征購入查氏手上的Pelaka股份，而他們會集中精神為正式審訊做好準備。 亞視期望完成交易 亞視發言人指出，注意到法院的判決，期待股權交易盡快完成。廣管局發言人表示，不宜回應有關訴訟事宜及法庭判決，但會密切留意事件發展，以確保亞視繼續履行其就《廣播條例》和牌照條款要求。 原告旺旺集團董事長蔡衍明，透過神旺媒體，與查氏合組AntennaInvestmentLtd，持有亞視股權47.58%，神旺佔該公司49%表決控股權，查氏則透過PelakaInvestmentsLtd持有該公司51%表決控股權。蔡氏要求法庭延長臨時禁制令，禁止查氏及王征完成出售Pelaka所持Antenna的2%表決控股權。 高院法官鮑晏明指出，如果查氏向王征出售有關公司的股權，對蔡氏造成的損失未必是賠償金錢可彌補，故有必要延長臨時禁制令。至於針對王征的臨時禁制令，法官表示，即使王征被視為始作俑者及操控木偶的大師，但既然已禁制查氏，相信王征不會忽視及不理禁制令，違反禁制令去完成與查氏的交易，考慮蔡已得到足夠保障，有關禁制令實沒有必要。法官稍後將頒發判決理由。 查氏家族另透過PanfairHoldingsLtd持有10.75%亞視股權，亞視餘下41.66%股權由龍維有限公司及僑光集團持有。早前有報道指，王征有意引入昌興主席黃炳均「結伴」，擬購入上述合共逾52%亞視股權。 案件編號：HCA773/10
20100730-17,20100730,17,蒙民偉設靈　300員工列隊拜祭,蒙民偉設靈　300員工列隊拜祭 【本報訊】信興集團創辦人、電飯煲大王蒙民偉昨日設靈，行政長官曾蔭權等逾500名政商要人及集團員工到場致祭。靈堂內佈滿粉色的百合、蕙蘭，紀念他的積極、樂觀。蒙民偉生前積極參與慈善事業，對八大院校都有捐獻，香港大學、中文大學校長與高層都有前來致祭。 大學校長政商名人到場 昨午5時，香港殯儀館門外擠得水洩不通。約300名身穿淺藍色信興制服的員工，在街外列隊準備步入靈堂。行政長官曾蔭權伉儷約5時20分離開，員工隨即入內致祭。入夜後，發展局局長林鄭月娥、環境局局長邱騰華、新世界發展主席鄭裕彤、新地副主席郭炳江、政壇元老李柱銘、李鵬飛、行會成員張炳良、立法會議員葉劉淑儀、霍震霆等政商名人到場。 蒙民偉在1984年成立了信興教育慈善基金，包括港大、中大、科大、理大、城大、公開大學、英國劍橋大學都有蒙民偉樓，港大校長徐立之、中大校長沈祖堯率領大學高層前來向蒙民偉道別。蒙民偉是天主教徒，靈堂上沒有傳統的橫匾，只有滿室粉粉白白的鮮花，象徵他樂觀、積極的人生觀。副主教陳志明為他主持守靈禮儀，親友向眾人分享蒙民偉的生平。 蒙民偉今日舉殯，大會安排早上8時至8時30分讓各界人士致祭，9時30分出殯。財政司司長曾俊華、港大校長徐立之、其士集團創辦人周亦卿、松下電器子公司AVC網路公司社長板本俊弘、日本駐港首席領事松永大介等10人會為他扶靈。1927年出生的蒙民偉白手興家，在1953年創立信興行，成功將樂聲牌電飯煲等電器引入香港。他在本月21日因病逝世，終年82歲。
20100730-18,20100730,18,篋屍案重審　女子謀殺罪成,篋屍案重審　女子謀殺罪成 【本報訊】疑捲入三角戀的中年美容院女東主，被指跟中醫師同居男友出現金錢轇轕，結果遭人施藥殺害，屍體被藏行李篋內棄於赤柱山邊。同樣與中醫師有感情關係的無業女子被指有份行兇，她昨在高等法院被裁定謀殺罪成，等候今午判刑，但相信會被依例判處終身監禁。 女被告表現冷靜 陪審團退庭商議6小時後，裁定女被告袁妙芬（54歲）謀殺及阻止合法埋葬屍體罪成，坐在犯人欄內的女被告表現冷靜。法官將案件押後至今日下午判刑。 案情指，失婚的死者葉秀芬（56歲）生前在香港仔大道裕輝商業中心開設美容院，與中醫師鮑江強同居，及後鮑與袁搭上，搞出三角戀。07年6月20日，葉婦的前夫與兒子發現她不知所終報警。同月25日，一名菲傭行經赤柱黃麻角道近富豪海灣一處路邊沙井，發現傳來惡臭。警員到場起出一個行李篋，發現內藏一具女屍，後證實為葉秀芬。警方翻看大廈閉路電視錄影帶，發現袁與兩男子黃向榮及岳文傑（譯音）在葉婦失蹤前一天曾到大廈及拖着行李篋。 黃與袁同時被捕，二人在警誡下稱因為葉婦欠鮑錢，代為追債，二人均稱沒有落手殺害葉婦。黃與袁08年曾被控謀殺，一同受審及被定罪，判囚終身，但因原審法官在引導陪審團時出錯，袁的案件重審，昨再被定罪。 案件編號：HCCC31/10
20100730-19,20100730,19,尖沙嘴掃黃拉20妓,尖沙嘴掃黃拉20妓 【本報訊】警方聯同入境處連續兩天在油尖旺展開代號「火石行動」的大規模掃黃行動，在區內酒吧、卡拉OK、架步及鳳樓合共拘捕逾80名持雙程證來港的內地妓女，她們年齡由18至39歲，來自湖南、湖北、四川、福建等地。 其中，警方於昨深夜搜查尖沙嘴河內道的兩間以會所形式經營的娛樂場所，拘捕20多名雙程證女子（圖），該批女子提供陪酒服務，一晚收費600元，並且會在場內引誘客人外出進行性交易。掃黃行動至今晨仍在進行中。 黎家駒攝
20100730-20,20100730,20,巨型帳篷26樓吹落街,巨型帳篷26樓吹落街 【本報訊】葵涌光輝圍一幢大廈天台一個長約8呎的巨型帳篷，昨晚被一陣狂風大雨吹翻，並且整個掀起翻過天台圍欄，從26層樓高的大廈直墮而下，幸無打中途人。 事件中無人被捕 飛墮而下的帳篷長約8呎、寬約2呎，以多支鋁通支撐，放在光輝圍光輝里一幢大廈26樓對上天台。昨晚7時許，上址一帶突然吹起狂風及下大雨，整個帳篷疑被吹起，凌空翻過天台圍欄後飛墮而下。現場消息稱，當時大廈對開並無行人，而帳篷墮在一間食堂門外，鋁通折斷飛彈，食堂職員聽到聲響跑出來查看然後報警。警員到場後登上天台調查，並在聯絡到大廈其中一單位的業主後，初步相信帳篷並無鞏固在牆身或地上，因此被大風吹起。警方消息稱，事件中無人被捕。
20100730-21,20100730,21,無良僱主陰招逃避法律責任全港五萬打工仔零福利,"無良僱主陰招逃避法律責任 全港五萬打工仔零福利 【本報訊】本港現有近15.9萬名兼職工，當中32%即逾5萬人每周工作時數少於18小時，未能享有病假、產假及勞工假等福利，人數較05年多出8%。工會指越來越多無良僱主以兼職工代替全職工，以逃避保障員工的法律責任；而政府十年前雖已開口表示會研究修例，加強兼職工保障，但至今未見行動，令人憤怒。 記者：盧文烈 統計處發表報告，剖析本港兼職工就業情況。調查顯示，本港在去年4至6月期間有158,800名僱員從事部份時間制工作，較05年多出7,900人，較10年前更增加4萬多人。32%兼職工聲稱每周工作少於18小時，以人數計多達50,600人，較05年時的46,900人增加近8%。 兼職工年齡中位數為45歲，較所有僱員的年齡中位數高6歲，他們教育程度普遍較低，25%只具備小學或以下程度，每月收入中位數則僅得3,600元。38%稱沒有工作較長時間主要原因是料理家務及照顧家人，但亦有15%指是由於公司工作量不足，9%則指找不到較長時數工作。 勞聯轟僱傭條例過時 根據《僱傭條例》，僱員為僱主連續工作4星期，每星期工作不少於18小時（俗稱4.18），才會受到《僱傭條例》全面保障，享有病假、產假、休息日及勞工假等福利。根據統計處調查，即現時有逾5萬打工仔未能享受這些福利。職工盟執委張麗霞說，僱主以兼職工取代全職工的情況越來越普遍，工會收過文職員工投訴，指公司特意安排員工每周工作16至17小時，明顯存心逃避法例。她不滿勞工處雖已研究4.18條款多年，但至今未提出具體方案，建議政府按比例將部份福利給予兼職工，「睇吓佢哋返幾多個鐘，再按比例計番啲福利畀員工」。 勞聯副主席吳慧儀表示，大機構如香港賽馬會等，聘請大量兼職工，不少每周工作少於18小時，她認為4.18條款已經過時，她稍後會要求政府交代檢討進展。"
20100730-22,20100730,22,2039年人口889萬　28%老人,"2039年人口889萬　28%老人 【本報訊】未來的香港有兩多：老人與女人。人口推算顯示，香港人口持續老化，65歲以上港人將由2009年的13%增至2039年的28%。統計處長指出，人口老化帶來更大社會負擔，香港需要保持生產力，建立優勢產業。 報告推算，居港人口將會由2009年的700萬增至2039年的889萬，平均每年增長0.8%。人口膨脹一方面是不斷有內地父母在港所生的子女返鄉後再來港定居，一方面是港人越來越長命。2009年，男性的平均預期壽命為79.8年，女性86.1年，屬全球第二（男、女最長壽國家分為卡塔爾及日本）。 長命是好事，但也推高了香港人的年齡中位數，由2009年的40.7歲升至2039年的47.6歲。預期未來人口持續老化，65歲以上人口的比例將由2009年的13%顯著上升至2039年的28%。人口老化在2019至2029年速度最快，因為戰後爆發的嬰兒潮世代，以及80年代抵壘政策下來港的年輕內地人，到時都已屆65歲。 特首倡生三個如虛設 統計處從人口結構中推算出總撫養比率，假設15歲以下和65歲或以上的港人都需要照顧，由15至65歲港人撫養。2009年，每千港人須撫養337人，至2039年，撫養比率升至一千對625。由於老年人口飆升，本港同期死亡人數也會由每年39,900人增至80,700人。 統計處長馮興宏說，人口老化是全球問題，增加了社會負擔。香港一直能夠提升生產力，但仍須設法維持，而且要不停致力人才培訓，建立優勢產業。他說：「全世界都要面對老化問題，大家要集思廣益，諗吓點樣減輕社會負擔。」人口老化可歸因於生育率低，特首曾蔭權出過口術倡議一家生三個，但馮興宏指出，生育是個人取向，不是政府政策可以左右。"
20100730-23,20100730,23,反對黑箱作業定最低工資,反對黑箱作業定最低工資 【本報訊】臨時最低工資委員會即將訂出本港首個最低工資水平，香港天主教勞工事務委員會多名成員，昨日到委員會主席鄭若驊的辦事處，發出尋人啟事，要求鄭若驊現身交代委員會會議日期及討論日程等。團體批評委員會黑箱作業、閉門造車，擔心在透明度不足下訂出最低工資，不利僱員，要求最低工資不能低於時薪33元。 香港天主教勞工事務委員會又不滿，委員會資方代表大家樂主席陳裕光出口術壓低最低工資，有失中立身份，要求鄭若驊主持公道，限制委員胡言亂語。 凌樹輝攝
20100730-24,20100730,24,初中生學解剖豬胚胎,"初中生學解剖豬胚胎 【本報訊】一批初中學生昨在科技大學實驗室進行解剖，被剝皮開胸的不是青蛙或老鼠，而是已發育成形的豬胚胎，屬大學水平課程。他們是報讀由科大和美國約翰斯霍普金斯（JohnsHopkins）大學資優教育中心首辦的昂貴暑期資優課程，共187名學生入讀。 學費2.6萬元 有關課程學費連住宿每人3,350美元（折合約26,000港元），走讀生（不住宿）減約三分一，為期僅三星期，今日上課完畢。科大資優教育中心主任林惟良昨表示，課程設有獎助學金，6名入讀學生因在科大舉辦的「世界數學測試」獲優良成績，獲資助一半學費。 七成入讀學生來自本港，當中半數在國際學校就讀，餘下三成則特別由美國、台灣和巴基斯坦等地來港。林惟良表示，內地學生也想來港就讀，但因目前中港兩地未有中學生來港簽證安排，他期望當局可盡快推行。 解剖豬胚胎的學生所上的是生物醫學課程，他們之前也曾解剖羊心和牛眼，昨是首次解剖原隻豬仔。立志要從醫的許嘉琳覺得有趣，但有少許惡心，「這是成為醫生的一個很好經歷，學到很多知識」。 報讀該資優課程需經約翰斯霍普金斯大學方面篩選，主要視乎他們應考美國大學入學試SAT成績。另科大也有為高中生開辦可計算大學學分的資優課程，修畢後於日後入讀科大，學分可獲認可。"
20100730-25,20100730,25,50旅遊公司招聘500人,50旅遊公司招聘500人 【本報訊】本港旅遊業擴展迅速，昨日一個旅遊業的招聘會，有50多間公司提供超過500個空缺，包括旅遊、航空及酒店業等職位，月薪介乎5千元至1.2萬元不等，吸引逾300位求職者到場。 香港旅遊專業培訓中心獲再培訓局資助，昨於銅鑼灣總校舉行招聘日。眾多職位中，以PrideTourServiceCoLtd提供的票務助理薪金最低，月薪只有5千，每日工作8小時，平均時薪26.7元。雖然惡導遊李巧珍曾說「導遊係要好天搵埋落雨柴」的工作，但仍有不少年輕人願意投身旅遊業。求職者夏霈慈20歲，她對薪金並無太大要求，只希望找到工作然後四圍去。 培訓中心高級經理張潔玲小姐表示，是次招聘日所提供的職位基本入職要求為中五程度，但個別職位空缺要求申請人具專業知識及資格，如熟悉航空電腦訂位系統、持導遊證等。
20100730-26,20100730,26,消費blog：20蚊食酒店自助餐,消費blog：20蚊食酒店自助餐 香港仔南灣海景酒店（L'hotelIslandSouth）早排同海洋公園合作推出暑假住宿優惠計劃，房價988蚊包二人早餐兼兩日海洋公園入場券，平到咁喺酒店業界即刻響晒朵。南灣海景酒店公關哥哥David噚日又搵小妹去酒店新開嘅餐廳LISBar&Cafe食飯，佢話呢間係區內首間高級食肆，員工穿着嘅制服仲係名服裝設計師何國鉦、名模陳沛嘉操刀㖭。餐廳慶祝新開張益街坊，即日起到下月15日期間惠顧餐廳嘅半自助餐、下午茶餐或自助晚餐，都有七折。 吸引區內行政人員 酒店行政總廚陳崑慈Sidney話，餐廳呢個月19日開業，反應幾好，入座率有八成。咪以為呢度係工廠區，餐廳有唔少高級行政人員同OL幫襯，「以前佢哋要去到銅鑼灣食飯，費時失事。有得揀梗係喺公司附近食啦」。 七折價有幾抵食先？David話，半自助餐有沙律、濃湯同甜品任食，再選一個主菜餐，有紅肉或海鮮、意大利麪條等，價錢視乎唔同嘅主菜由108蚊至188蚊不等；優惠價約70蚊就食到酒店嘅自助餐。 Sidney大力推介自助晚餐仲抵，成人價錢398蚊起，家仲每位客人送一條約8両重嘅野生海斑（圖）或一碟阿拉斯加皇帝蟹腳，「喺外面高級食肆食一條同樣重量嘅野生海斑，要成260蚊」。David補充話，計落條數，自助晚餐七折價約278蚊，扣埋條魚，自助餐變相20蚊，係咪好抵食？ 電郵：mailto:shoppingjing@appledaily.com
20100730-27,20100730,27,阻止雙親感情爭執無效　怒揮菜刀子自斬手臂諫父母,阻止雙親感情爭執無效　怒揮菜刀 子自斬手臂諫父母 【本報訊】油麻地一檔瓜菜檔夫婦，疑女東主不滿丈夫與新聘女工眉來眼去，雙方為感情問題爭執。昨午兩人在檔口為此事再次爭吵，兒子調停無效情緒激動，取出一呎長扁身菜刀自斬左手發洩，母親見兒子左手流血嚇至不適，與兒子分別送院治理。由於案中有人受傷，為慎重起見，警方人員重返現場調查，案件暫列作糾紛處理。　記者：梁澤岡 疑斬手發洩的少東姓馬（23歲），其父60歲，母親56歲，一家在北海街近新填地街經營瓜菜檔。據街坊表示，其實事發檔口毗鄰的另兩檔都是同一家族經營，純賣菜的一檔生意較好，至於事發的一檔則主要賣瓜類為主。 自菜檔取呎長利刀 昨下午2時許，夫婦同在瓜菜檔口工作，身為少東的兒子在場協助。其間，夫婦為感情問題發生口角，兒子見身處大庭廣眾，十分尷尬，力勸父母不要再吵。豈料兩人越吵越烈，有人更一度取出利刀揮舞，兒子見多番勸阻都無力調停，恐母會被襲，一時情緒失控，激動至隨手取起一呎長扁身菜刀，自斬左手臂發洩；當場受傷流血，傷口兩吋長、半吋深。 指與女工眉來眼去 馬母見狀嘩一聲叫出來並立即報案，同時替兒子止血，警員和救護員到場將該段北海街封鎖調查；有買餸街坊駐足觀看，議論紛紛，幸姓馬少東仍清醒，他的舅父聞訊從附近趕至，陪同他送廣華醫院治理。在傷者送院後，其母因受驚身體不適，亦需送院治療。 事件後，家族成員對事件均三緘其口，不過有消息指出，夫婦二人為感情問題，主要涉及一名新聘的女工。女東主不滿丈夫經常和該女工眉來眼去，擔心兩人存在不尋常關係，故力主將女工辭退；惟男東主否認其事，又指只是妻子呷乾醋，彼此為這事發生過多次爭執，昨天的導火線相信也與此有關。 警方暫將案列糾紛事件處理，由於案中有人受傷，為慎重起見，至傍晚探員重返現場將檔口中的一些刀拍照存證。
20100730-28,20100730,28,賊扑頭劫夜歸女,"賊扑頭劫夜歸女 【本報訊】深水埗昨凌晨發生扑頭劫案，一名夜歸女子在街頭被身材健碩獨行賊以磚頭扑頭襲擊受傷，搶去她手袋內有1,600元現金及手機。扑頭賊得手後，棄下磚頭穿過大廈後巷逃去無蹤，女事主送院敷治後幸無性命危險。 擦身而過持磚發難 遇上扑頭劫匪女事主43歲姓袁，於昨凌晨零時許，獨自行經大南街228號對開時出事。當時一名年約20至30歲、大眼、身穿白衫及牛仔褲的身材健碩男子，向女事主迎面而至。 現場消息稱，男子與女事主擦身而過之際，突然轉身以半塊磚頭作武器，向她後腦扑下去襲擊。女事主冷不及防，後腦及後頸受傷紅腫，痛得大叫起來連忙以手護着傷口。 賊人趁機搶走女事主手袋內有1,600元現金及手機，得手後向南昌街逃走，並在大南街234號大廈旁巷口棄下行兇半塊磚頭，穿越後巷向基隆街方向逃去。 被扑傷女事主其後遇上巡警報案，警方即召救護車到場協助傷者、同時調派人員在現場附近兜截賊人，惜無發現。傷者送院敷藥後無礙出院，正協助警方追緝賊人下落。"
20100730-29,20100730,29,毛妹悲傷送別愛徒,毛妹悲傷送別愛徒 【本報訊】本月初在秀茂坪被賊人扑頭搶劫身亡的芭蕾舞蹈家徐滿芬，昨日在紅磡世界殯儀館舉殯，其恩師毛妹送愛徒最後一程。毛妹傷感地說，希望警方盡快緝拿元凶，以及搞好香港治安。 徐滿芬的喪禮採取佛教儀式，昨晨8時親友陸續到靈堂致祭，包括其恩師毛妹。法師念經超渡後，於早上9時30分大殮，靈柩被移離殯儀館，徐的兒子捧着母親的遺照跟隨靈柩離開。數十名親友包括毛妹隨往柴灣歌連臣角火葬場，遺體由靈車運抵並進行火化。 「希望警方盡快緝兇」 送別愛徒最後一程的毛妹表示，現時仍然很傷心，她私底下與徐滿芬是很好的朋友，「希望警方盡快緝拿元凶，採取行動將香港治安搞得好啲」。 終年44歲的徐滿芬，生前與姓梁丈夫育有兩名子女，徐是毛妹芭蕾舞學校沙田分校的校長。於本月8日晚上11時30分，她返回曉麗苑住所途中，行經一條長梯級路被獨行賊扑頭搶劫，頭部嚴重受創，送院搶救5日後死亡，驗屍顯示她頭部嚴重受傷，懷疑是賊人行劫時造成，警方將案列兇殺處理，但兇徒仍未落網。 徐滿芬家人事後捐出其一肝臟及兩腎臟給三名病人續命，遺愛人間。
20100730-30,20100730,30,由上海來港　遇惡劣天氣轉飛澳門滯留11小時　港龍旅客索償,由上海來港　遇惡劣天氣轉飛澳門 滯留11小時　港龍旅客索償 【本報訊】港龍一班由上海來港客機，受前日惡劣天氣影響轉飛澳門，加上機組人員換班，結果客機延誤11小時才抵港。其中41名旅客不滿滯留澳門期間無人接待，一度拒絕落機，雙方經協商乘客同意離開，分別轉機往目的地及入境旅遊。有乘客怒斥港龍不負責任，要求道歉和賠償。　記者：梁維建 前日上午11時30分，港龍KA803航機載着284名乘客由上海出發，原定下午2時05分抵港，但受惡劣天氣影響（天文台於下午2時半發出黃色暴雨警告）轉飛澳門。 機組人員又要換班 港龍發言人指，航機於3時13分到達澳門，但當地天氣同樣很差，不能即時飛返香港；此時機組人員的工作時間已經超過民航處規定的法定飛行時數，因此要換上另一批機組人員。 發言人續稱，他們安排乘客在澳門離境大堂食肆等候，並向各人派發餐券。航機於昨凌晨零時23分在澳門起飛，1時01分抵港；換言之比原定時間遲了11小時。 此時，其中41名乘客拒絕落機，港龍派員與他們協商，最後擾攘至早上6時半乘客妥協離開。其中6名準備轉飛台北的乘客，航空公司安排他們入住酒店休息，31人準備轉飛柬埔寨金邊，分別入住酒店及乘坐早上8時55分的航機離港，4名本港居民安排交通離開。港龍對事件致歉，並表示已作出適當安排。 投訴機場無人照顧 其中一名不肯落機的內地旅客徐先生，一家三口來港旅遊，他投訴，「港龍將我們拋棄在澳門機場，不聞不問」。他說，在澳門機場無人接待，小孩和長者沒人照顧，有孕婦要求熱水和毛氈，機場也未能提供，亦無港龍人員協助。香港居民可以選擇自行出境離開，但內地居民沒有澳門簽證，必須待在那裏等候。 徐續稱，天氣惡劣、機組人員換班導致航機延誤都可以理解，但他質疑港龍安排混亂。 他說，天氣好轉，澳門航機陸續起飛，自己卻是最後一批。「接班的機組人員在澳門碼頭到機場要兩小時……整個安排是怎麼樣進行？管理是怎麼樣？」他怒斥港龍令他「多花錢找氣受」，要求道歉和合理賠償。
20100730-31,20100730,31,西班牙銀行大班駕駛保時捷撞欄險墮坡,西班牙銀行大班駕駛 保時捷撞欄險墮坡 【本報訊】一輛保時捷跑車昨早天雨下沿港島山頂道落斜，在彎位疑因路滑跣胎鏟上行人路，撞毀交通指示牌擦過樹幹，反彈衝過對線再撞上斜坡，險墮路旁山坡，幸被一間學校欄杆所擋始停下。駕車的著名西班牙銀行亞太區主管外籍男子，有驚無險未有受傷。 沿山頂道落斜疑跣胎 肇事的保時捷跑車911CarreraCab.94年出廠，51歲外籍車主DellantonioDario中文名戴偉豪，為著名西班牙銀行桑坦德Santander亞太區董事總經理，住山頂加列山道63號賽詩閣一單位。Santander是西班牙最大的銀行，該銀行曾在《金融時報》「世上最強銀行」榜中排行第13，於2007年在港經營銀行業務。 昨早上8時許，戴偉豪駕駛該跑車離開住所，沿山頂道落斜，準備返回中環交易廣場公司上班。當駛至山頂道81號山頂幼兒學校附近一處右彎位，懷疑天雨路滑跣胎失事。跑車首先鏟上左邊行人路，撞倒一個交通指示牌，擦過旁邊一棵小樹樹幹，繼而反彈出路中打轉。 由於衝力強大，跑車打轉後再撞過對面線，幸運地未有衝落10米下山坡，右車身猛撼路旁大樹再衝上路旁1米高斜坡，被幼兒學校門外鐵欄擋着始停下，車頭擱起。戴偉豪沒有受傷自行爬出車外，其後協助警員調查，現場上山方向交通一度受影響。
20100730-32,20100730,32,抗議大浪西灣建樂園,抗議大浪西灣建樂園 【本報訊】約10名環保組織綠色社區與地區代表，昨向申訴專員公署投訴，指在蒙古能源主席魯連城擬於大浪西灣臨海農地興建私人樂園事件中，發展局局長林鄭月娥一直迴避事件，質疑發展局及地政總署行政失當。有關團體亦發起「大浪西灣違法建樂園報案大行動」，今日將先後到灣仔警察總部及廉政公署報案，並呼籲市民響應。 責林鄭月娥迴避 綠色社區主席范國威指出，政府在交代大浪西灣事件中，主要由環境局局長邱騰華向公眾解畫，負責土地規劃政策的發展局及轄下的地政總署傾向迴避問題，發展局長林鄭月娥直至出席立法會委員會會議時才稍作交代。他批評政府處理手法極有問題，地政總署按指示是每天巡視一次，但大浪西灣土地已破壞一段日子，卻遲遲未見執法，邱騰華既未解釋地政總署為何出現嚴重失誤，林鄭月娥更予人「此地無銀三百両」的感覺。 范國威直言政府目前是有法不依、違法不究，呼籲市民響應，自發向申訴專員公署、警方及廉政公署報案，要求介入調查事件。
20100730-33,20100730,33,八達通大股東決炒陳碧鏵,"八達通大股東決炒陳碧鏵 【記者呂焯均報道】八達通公司行政總裁陳碧鏵在出售持卡市民個人資料遭揭發後，被炮轟講大話，擁有49%投票權的港鐵公司董事局不滿連董事局也遭誤導，感到非常憤怒，今日下午舉行特別會議，緊急檢討八達通公司今次事件，包括如何挽救八達通公司的誠信危機，而陳碧鏵要為事件負責，會商討盡快撤換她，並考慮由港鐵調派高層擔任臨時主管。 政府關注八達通事件引起的公司管治問題，已向八達通大股東港鐵反映。行政長官曾蔭權日前在四川考察前，曾親自致電個人資料私隱專員吳斌，要求他嚴查八達通洩漏個人資料事件。八達通公司由五間公共交通機構組成，港鐵擁57%股權，投票權則佔49%。消息說，港鐵董事局也不滿八達通公司行政總裁陳碧鏵在整件事的處理手法，故今日舉行特別董事局會議，商討盡快收拾殘局；而有關方案會向八達通董事局提出，由各股東投票作最後決定。 擬盡捐賣私隱所得 消息說，在八達通公司被揭洩漏客戶私隱後，港鐵董事局在本月初曾邀請陳碧鏵到董事局解釋事件，陳當時只是說八達通公司沒有進行違法事件，卻沒有交代出售客戶個人資料的詳細資料。其後她到立法會接受質詢時，仍死撐是大家的定義不同，不承認出售私隱。港鐵董事局感到遭誤導，陳碧鏵不但令公眾覺得她講大話，也令港鐵董事局對她失去信心，今日會議將討論盡快撤換八達通行政總裁，並考慮暫時派人員暫代職務，繼續向立法會及公眾講解事件。不過，港鐵也擔心由港鐵高層暫代，其他股東會否同意，故仍需小心研究。 港鐵兩名非官方成員吳亮星及石禮謙目前不在港，未能趕及出席會議。另外，董事局也會研究是否需要規定將客戶准許使用其個人資料的條款字體不可以太細，以及要求八達通公司處理因出售客戶私隱而賺取的4,000多萬元，可行方案是全數捐給慈善機構。 多個政黨及民間團體猛烈批評八達通公司和作為大股東的港鐵。公共事業監察組成員聯同工聯會立法會議員王國興，昨到港交所請願，要求港交所徹查港鐵有沒有介入八達通公司洩漏個人資料事件。 民主黨譴責港鐵拒絕與該黨會面，是因出賣市民而感到心虛。民主黨立法會議員涂謹申要求特首成立法定的獨立委員會，調查洩私隱事件，以及研究改善相關條例。"
20100730-34,20100730,34,港燈啟用太陽能發電,"港燈啟用太陽能發電 【本報訊】燃煤發電是本港空氣污染的最大源頭，香港電燈的太陽能發電系統本月正式啟用，透過在南丫島發電廠大樓天台，安裝5,500塊太陽能板，將日照能源連接電網輸電，估計每年發電量達到620,000度，可減少520公噸二氧化碳排放。 本月輸電八萬度 太陽能發電系統在考慮選址時，5,500塊太陽能板須安裝於大面積平地或天台，也要顧及避免遮擋陽光及對景觀造成影響。港燈在發電廠天台裝置太陽能板時，一律以傾斜22度向南擺放，以吸收最多的陽光。這個目前全港最大的太陽能發電系統，自本月1日開始測試至今，已成功輸出逾80,000度電，本港家庭平均每月耗用約400度電。系統另一特點是在日光微弱的日子，仍能有效將日光轉化為電能，以本月22日黑色暴雨警告生效的一天為例，當日系統仍輸出1,200度電。 在環境效益方面，估計太陽能發電系統，每年可減少排放520公噸二氧化碳，相等於要種植22,000棵樹才可抵銷有關溫室氣體排放量。系統每年也可減少2.9公噸二氧化硫及1.4公噸氮氧化物排放。"
20100730-35,20100730,35,失蹤第八天　父母再拋西瓜水塘浸死釣魚郎尋獲,失蹤第八天　父母再拋西瓜 水塘浸死釣魚郎尋獲 【本報訊】「浩文，你返嚟啦！」上周四黑雨期間在沙田下城門水塘釣魚遭洪水冲走的19歲青年梁浩文，昨日事發第八日，其父母仍不放棄再到水塘拜祭，並再度拋西瓜哭喚兒子歸來。兩個多小時後，消防潛水員在集水區附近41米深的水塘底，終尋獲卡在大石間梁浩文屍體，將之打撈上岸。 記者：周鴻熙　周志鴻 屍沉水塘底的梁浩文，與同在意外中溺斃的20歲好友朱嘉柱都是釣魚發燒友。昨日有份參與搜救的消防員指，事隔八日，現場水塘底能見度仍極差，他們只憑雙手在水底摸索，卻意外地在大石間摸到梁的手，才意外尋回其屍體，希望兩名死者安息。 一同遇難好友日前尋回 過去多天，消防冒着惡劣天氣出動近500人搜索，但受制水底視野惡劣，令搜索工作膠着。事發多日，家人亦知兩人凶多吉少，但仍希望尋回屍體，連日按傳統向水塘拜祭及拋西瓜，希望有助尋回溺斃死者屍體。 至本周二，即事發後第六日，消防員終在下城門水塘近碗形集水區水面發現朱嘉柱屍體，當時朱的屍體已嚴重發脹及腐爛，其家人接報來拜祭後離去。 之後消防處繼續搜索梁浩文，但前日再遇黑雨要停止行動，家人焦急不已。昨晨10時半，梁浩文父母仍不放棄尋回兒子屍體心願，與親友及一名法師重臨下城門水塘拜祭；兩老誠心上香，其間梁父更向着水塘哭叫，「浩文，你返嚟啦！返嚟啦！」當法師誦過經文，一名男親友把西瓜拋下水中，西瓜隨水漂流，哭成淚人的兩老亦由親友陪同離去。 屍體卡41米水塘底大石 至中午12時53分，消防潛水員在日前尋獲朱嘉柱屍體的碗形集水區附近水底搜索；其間潛水員在水深41米處水底，摸到一隻人手，估計是失蹤多日的梁浩文。潛水員發現梁的屍體卡在大石間，稍後移動石塊讓屍體浮上水面。 消防員把屍體撈上岸，梁浩文父母接通知乘警車趕至，為免妻子受刺激，梁父由男親友陪伴認屍，最後確認是兒子傷心不已，家屬即焚香拜祭。各人逗留20分鐘離去，仵工將屍體舁送殮房。
20100730-36,20100730,36,公園玩啤牌　三漢打鬥一穿頭,公園玩啤牌　三漢打鬥一穿頭 【本報訊】四名持「行街紙」巴基斯坦籍男子，昨凌晨在深水埗公園飲酒玩啤牌期間，其中三人懷疑因賭輸錢問題大打出手，一人被打穿頭。警員趕至制止各人，以涉嫌公眾地方打架罪名，將他們拘捕。 有人扮不懂英語拒查 現場為荔枝角道深水埗公園凉亭，四名持行街紙巴基斯坦籍男子，昨凌晨在飲酒玩啤牌期間；其中三人分別29歲Muhabat、31歲Khanne及34歲Muhammad，懷疑因為賭輸錢問題發生激烈爭執，繼而大打出手。混亂中，Muhammad被打穿頭受傷，爭執聲驚動街坊報警。 大批警員趕至調查，據悉涉案三人懂英語及略懂本地話。有人在警員調查期間，一度扮作不懂英語拒絕協助調查，並以家鄉話交談。警員喝止以免有人「夾口供」，調查後列作公眾地方打架處理。傷者送院敷藥後，與兩名疑涉案同鄉一同被捕帶署。
20100730-37,20100730,37,警車撞旅巴夾路壆,警車撞旅巴夾路壆 【本報訊】尖沙嘴昨發生涉及警車交通意外。一輛警方交通部客貨車行駛期間，一部旅遊巴突然從慢線切入快線，警方客貨車收掣不及撞向旅遊巴，駕車的警員受傷送院救治。 駕車警員頸腳受傷 現場星光大道對開的梳士巴利道，昨晨10時許，路旁避車處泊有多部旅遊巴；其中姓陳（63歲）司機駕駛的旅遊巴，約20名內地遊客登車後，開車由慢線切出快線。其時，一部隸屬西九龍交通部的客貨車執行完交通管制任務，由警員駕駛沿紅磡繞道經梳士巴利道駛向尖沙嘴。 據稱，警方客貨車沿梳士巴利道快線行駛，駕車警員不察有車切出，煞車不及撞向旅遊巴車尾，並被旅遊巴夾向路壆前輪離地擱起。意外中，駕車警員頸及腳受傷送院，旅遊巴司機及遊客則無恙，遊客稍後由另一部旅遊巴載走繼續行程。
20100730-38,20100730,38,與妻爭吵　青年危坐,與妻爭吵　青年危坐 【本報訊】天水圍一名姓郭（26歲）男子，住在天耀邨耀逸樓一單位。據稱，早前郭與妻子因感情事爭吵，一怒之下離家並飲酒解愁。昨凌晨3時，郭滿身酒氣被街坊發現危坐大廈27樓走廊欄杆，一隻腳懸空險象環生。警方到場時郭情緒激動，呼喝不要接近，警員不敢靠近，聯絡郭妻了解情況。 消防在地下張開救生氣墊戒備，警方談判專家亦到場游說；其間，郭不停抽煙及打電話，有時並激動高聲大叫。雙方對峙至清晨5時30分，經談判專家努力游說，以及事主酒氣已過，逐漸回復清醒後出現軟化，由警員及消防扶着返回走廊；事件擾攘兩個半小時結束，救護員將他送院檢查。
20100730-39,20100730,39,女童打翻熱水淥傷,女童打翻熱水淥傷 【本報訊】青衣長發邨昨發生滾水燙傷小童家居意外。一名女童在家打翻飯桌上熱水，熱水淋下燙傷女童左手背，紅腫一片。由祖母安慰和報警。 被燙傷女童4歲，與家人住長發邨敬發樓一單位，事發後由祖母抱着送院；其母接獲家人通知，憂心忡忡趕至醫院等候。當救護車抵達一刻，其母立刻跑前接過女兒，抱入急症室交醫生醫治。 事發昨上午11時許，女童與祖母在家，其間祖母把一杯熱水放在飯桌上，女童不慎撞及飯桌打翻熱水。熱水濺出燙傷女童左手背，當場紅腫劇痛下，女童哇哇哭叫，祖母趕來安慰及報警，並通知媳婦。救護員替女童治療後送院，幸無大礙。
20100730-40,20100730,40,劉家昌子認醉駕容顏憔悴　求情稱內疚,劉家昌子認醉駕 容顏憔悴　求情稱內疚 【本報訊】「鬼才音樂家」劉家昌的獨子歌手劉子千，早前於生日派對後驅車，載緋聞台籍藝人女友買消夜，在將軍澳隧道口失事，並被驗出體內酒精含量超標逾倍。昨日他在觀塘裁判法院承認不小心駕駛及醉酒駕駛兩罪，希望停牌及罰款，盡快了事。裁判官杜大衛認為案情嚴重，索閱社會服務令報告，下月19日判刑。 記者：楊家樂 被告劉子千現年24歲，報稱藝人，由資深大律師謝華淵代表，並獲十多名親友到庭聲援。至於其父親劉家昌與母親息影女星甄珍，聲稱不欲引起混亂，未有出庭旁聽。 買消夜撞車緋聞女友傷 在美國出生的劉子千，選擇以英語答辯，聆訊披露他曾於08年犯下刑事案。應訊後他從後門離去，避過記者鏡頭。 庭上所見，被告神色憔悴，身形及臉頰均比往日腫脹。辯方特意向裁判官呈上被告早前出版的唱片封套，指被告今昔的容貌有天壤之別。辯方解釋，意外後被告一直內疚自責，覺得令家人蒙羞，寢食不安，整天留在家中，停止一切工作。 辯方續指，事發當日正值被告生辰，數名好友午夜前往其西貢寓所開派對，其間被告曾飲酒。至凌晨4時，台籍藝人林亞霖肚餓，被告母親建議二人外出覓食。由於欠缺公共交通，故被告只好驅車載她往九龍城買食物，詎料回程時發生意外。辯方指意外中手部骨折的林，現已復康。 候社服令報告下月判刑 辯方又稱，被告投入工作，在兩岸三地音樂界漸為人熟識。他不常喝酒，現已後悔，希望法庭罰款了事。雖然辯方強調欲即日了結本案，惟裁判官指案情嚴重，故先索閱社會服務令報告及林亞霖的傷勢報告，下月19日判刑。 案發於今年4月21日凌晨5時半，被告駕駛白色愛快羅密歐私家車，沿將軍澳道上斜駛至將軍澳隧道觀塘入口，穿過收費通道後，失控鏟上路旁草地，撞毀多個交通指示牌。被告每100毫升血液中含124毫克酒精，超過法定的50毫克，翌日出院。同車的林則留醫七日。 案件編號：KTCC4415/10
20100730-41,20100730,41,印傭：餵尿令少主聽話,印傭：餵尿令少主聽話 【本報訊】印尼女傭如廁後，從馬桶舀起含有尿液的污水，給4歲少主飲用。昨日她在觀塘裁判法院承認一項意圖損害而施用有害物品罪，堅稱為使小孩子更聽話，才遵家鄉習俗餵尿。裁判官杜大衛批評，就算不同國家有不同習俗，也不能接受餵小朋友飲尿，如被告否認有意加害少主，法庭便不能接受她認罪，將案押後至11月16日開審。 被告Mariyatun（26歲），獲准保釋。她被控於今年4月2日，在秀茂坪邨一單位非法及惡意向4歲男少主施用殘害性物品即尿，意圖使少主受損害、精神受創或惱怒。 官拒接受認罪押後審 她昨承認的案情指，她自今年3月5日到涉案單位打工，女僱主於案發日下午命她斟水供4歲少主飲用。惟少主喝一口後拒再飲，女僱主嗅到杯中物有異味，頓起疑心，等丈夫回來後向被告問罪。被告承認於家中洗手間小便後，在未有冲廁情況下，舀出一杯污水給少主飲。僱主夫婦報警將她拘捕。政府化驗所證實杯中物含尿液。 對於裁判官質疑被告的犯案意圖，辯方律師指被告再三堅稱僅遵家鄉習俗餵尿，以令飲用者聽從尿液主人的說話，無意加害。辯方又指，被告已知錯及後悔，喪失工作，並不能再返港打工，希望輕判。惟裁判官指，如被告不承認有意加害，便不能構成罪行，故不接受她認罪。 案件編號：KTCC2483/10
20100730-42,20100730,42,假中醫再涉按摩非禮,假中醫再涉按摩非禮 【本報訊】本年初因替女佛學員陰部施針及拍胸非禮罪成判囚20個月的假中醫，另被揭發08年替女推銷員按摩治療身體骨痛時，涉嫌手掌伸入褲內摸陰非禮。案件昨在屯門裁判法院開審，女事主供稱，被告表示可用氣功治療其痛楚，她先後光顧10次，但最後一次感到被非禮，再沒找被告治療。 女推銷車禍痛楚求醫 控罪指被告盧鎰昌（51歲）於8月至11月間某日，在天水圍嘉湖山莊住所非禮一名45歲女子。 任職兒童教育書籍推銷員的事主供稱，她因車禍導致頸椎、腰及盆骨等痛楚，她在舊同學介紹帶往被告住所求診。 事主遭拇指摸陰八秒 被告初以跌打油塗搽其患處按摩，由於她曾因胸骨炎注射類固醇針致右胸肌肉硬化，至第四次求診時，被告以手掌一邊按摩其右胸，一邊說：「你好大鑊，好大鑊喎！」指她需治療數個月。被告當時表情並不猥瑣，她放心讓他按壓治療。 至第十次，被告以手肘按壓她大腿內側治療盆骨患處時，手掌突伸入她的內褲，拇指觸摸其陰部約五至八秒，她大感驚慌，隨即換衫離開。 事主在辯方盤問下承認18年前因感情及工作壓力，向心理專家求醫。但被律師指她事發時發色情夢，事主說：「請你尊重，指我幻想出嚟，絕對唔會」。案件下周二續審。 案件編號：TMCC1339/10
20100730-43,20100730,43,案件速遞打劫找換店　電槍賊判囚64月,"案件速遞 打劫找換店　電槍賊判囚64月 【本報訊】無業漢以電槍打劫準備開舖的找換店女店員，成功搶去女店員肩袋。惟她被電擊10次，仍能奮力追賊及求救，無業漢終被途人制服。 被告譚漢周（45歲），昨在高等法院承認搶劫罪，聲稱被制服時耳朵受襲，導致聽力受損，但法官認為他受傷是自招所致，沒減刑空間，判監5年4個月。 去年10月15日女職員張雯芝返到沙田大圍道的找換店開舖，被告以電槍電擊她腰和背10次。被告搶去事主內藏10,000元的肩袋逃走，但被途人制服。專家指若被電槍擊中，身體不能動彈及肌肉抽搐。 案件編號：HCCC72/10"
20100730-44,20100730,44,萬寧新店內盜雲芝及面膜事發女賊抱女被追滾落電梯,萬寧新店內盜雲芝及面膜事發 女賊抱女被追滾落電梯 【本報訊】29歲母親昨帶同3歲女兒到元朗一家新開張萬寧連鎖店，涉嫌偷竊總值460元的雲芝補健食品及護膚面膜後，再付款買牙線及栗子掩人耳目。男便衣保安識破追出，女賊慌忙抱女跑上行人天橋扶手電梯逃走；其間與保安發生糾纏，女賊兩度連同女兒從扶手電梯滾下受傷，由警員拘捕人贓並獲。記者：江寶龍 落網女賊姓葉（29歲），與姓李女兒（3歲）同是前額、手腳及背部受傷。據知母女兩度滾下電梯時，葉婦全程攬着女兒，故女兒傷勢較輕，但母女疑受驚過度，送院時嚎啕大哭。當時葉婦把女兒放在身前緊抱，更把女兒頭部按下，以免容貌曝光。 醫生初步發現兩人傷勢不重，但葉婦突然稱，「自己下半身冇晒知覺」。醫生恐防她傷及脊骨，晚上從博愛醫院轉送屯門醫院檢查。葉婦姓李丈夫聞訊趕至醫院，接走輕傷女兒。警方暫列店舖盜竊案，正追查女賊犯案動機。 追賊街坊以為感情糾紛 事發昨上午11時許，葉婦抱着3歲女兒扮顧客到俊賢坊新開業萬寧連鎖店；其間駐店42歲姓謝便衣保安發現，她把一盒特價398元的雲芝補健食品，及一盒62元護膚面膜放進手袋。 葉婦續取兩包即食栗子及牙線，排隊付款後離去。謝發現她未為雲芝補健食品等貴價貨物付款，涉嫌偷竊追出喝止。葉婦知事敗丟掉栗子及牙線，抱女兒跑上附近行人天橋扶手電梯逃走。 謝追至一手拉着葉婦衫尾，導致她失足連同女兒滾下，謝當場被壓住。葉婦抱起女兒再跑上扶手電梯，謝改沿旁邊樓梯追趕，終快一步到達天橋。街坊見兩人追逐，以為是夫婦感情糾紛，更指摘謝欺負婦孺，大喝「喂，你唔好打女人啊！」謝惟有表露身份。 葉婦見前無去路，便抱女兒轉身跑下扶手電梯，當時電梯徐徐向上，葉婦跑了幾步失平衡仆倒，當時她仍攬着女兒。母女一同滾落十多級梯級撞傷頭及手腳，街坊上前截停葉婦，陪她到天橋坐下休息，當時母女疑受驚過度，不停大哭。 警員到場發現葉婦手袋內一盒雲芝補健食品及一盒護膚面膜（共值460元）均無付款，涉嫌店舖盜竊加以拘捕。救護員到場替葉婦母女包紮，而姓謝便衣保安亦擦傷手，三人事後需送院救治。 警員到事發連鎖店調查，並取走店內閉路電視錄影帶。警方暫列店舖盜竊案處理，但案發後葉婦仍未能錄口供，暫未知犯案動機。 女賊攜女偷竊示意圖
20100730-45,20100730,45,案件速遞涉掠值50萬相機　雙程漢受審,"案件速遞 涉掠值50萬相機　雙程漢受審 【本報訊】電訊產品公司東主與職員通宵留在工廠大廈單位內包裝數碼相機，東主清晨外出時卻遭五至六名賊人打劫。他與職員被賊人用膠紙綁起四肢及打暈，職員慘被打甩牙。賊人在膠紙上留下指紋，涉案的30歲內地男子繆文略九個月後被捕。昨被控一項搶劫罪在高等法院受審。 被告是持雙程證來港，被控08年6月6日，在葵涌金豐工業大廈一間電訊貿易公司，與其他人打劫公司股東朱志權及職員劉兆江6,000元、3部手機及405部相機，總值56萬元。 案件編號：HCCC11/10"
20100730-46,20100730,46,嗜喝甜飲　致肌肉功能減退皮膚差七成港女未老先衰,"嗜喝甜飲　致肌肉功能減退皮膚差 七成港女未老先衰 【本報訊】女士們用盡方法留住青春，原來關鍵是要「識飲識食」才可以抗衰老。一項調查發現逾七成港女也有未老先衰情況，經常出現疲倦、肌肉痛、體重大上大落、長出小肚腩等衰老症狀；醫學測試更進一步發現有少數人的生理年齡比實際年齡老10年或以上。有營養師呼籲女士們要從飲食着手抗緩衰老，尤其要減低糖份的攝取量。 記者：葉秀芬 生活易一項調查訪問了1,059名18至50歲女性，受訪者需回答是否經常出現10項衰老症狀：易疲倦及容易無精神、易有肚腩、肌肉容易痠痛、睡眠質素下降、出現白髮、易肥難瘦、記憶力下降、有「byebye肉」、面色差及急步後會氣喘。結果發現七成人有5個或以上的衰老症狀，最多人出現易疲倦及容易無精神，其次是易有肚腩。此外，不少受訪者表示隨着年齡增長，感到新陳代謝減慢，容易出現易肥難瘦的情況。 為了更準確分析受訪者的未老先衰情況，調查機構邀請了其中23人進行醫學測試，包括測試血液中的三酸甘油酯及糖化血糖素等健康指標。結果顯示74%人的生理年齡比實際年齡高，當中約三成人比真實年齡大10年或以上，最嚴重大了19年。調查又發現超過八成受訪者有喝甜飲的習慣，三成人更是日喝兩杯凍甜飲。 多飲水吃高纖食物 營養師張雅媛表示，女性通常會留意食物中的脂肪及熱量，易忽略了糖份含量，其實高糖份的食物和飲料容易造成肌肉功能衰減，也是導致皮膚提早衰老的元凶，呼籲女士少飲為妙。 張雅媛建議女士抗衰老可先從飲食着手，盡量進食一些低糖食物，「可以用意粉、粉絲代替白飯、白粥，或者以蘋果、西柚代替西瓜、蜜瓜，盡量揀一啲高纖需要時間消化，又未經加工處理嘅食物」。 現年31歲、任職新娘化妝師的陳小姐表示，自覺隨着年齡增長，身體的新陳代謝減慢，要維持一定的體重有難度，又經常受便秘困擾，曾試過連續七日沒有大便，其後在營養師建議下，多飲水和多吃高纖維食物，便秘情況才得以改善，人也變得比較精神。"
20100730-47,20100730,47,咽喉反流　穿緊身衫致惡化,咽喉反流　穿緊身衫致惡化 【本報訊】胃酸食道反流非常普遍，當中一至兩成惡化至「咽喉反流」。病徵包括聲音沙啞或喉嚨痛，容易誤當一般喉嚨發炎。有醫生指，穿緊身衫以及吃消夜會令病情惡化。 耳鼻喉科專科醫生林建業表示，胃酸食道反流即胃酸上湧至食道，通常睡覺或躺卧時發病，咽喉反流即胃酸上湧至咽喉，日間或上半身直立時發病，嚴重可侵蝕聲帶，導致聲帶肉芽，或上至鼻腔，誘發中耳炎。患者年齡20多至60多歲，女性較多，多數從事金融、律師，主婦也有，共通點是生活壓力大。 避免睡前吃得太飽 現年30多歲的吳小姐從事財富管理，「靠把口搵食」，經常吃消夜，七年前感喉部不適和聲沙，確診有咽喉反流，「夜晚6點開始出唔到聲，食飯傾偈有心無力，朋友都聽唔到我講乜」。她接受藥物治療，加上言語治療九個月，才逐漸改善聲線。 腸胃肝臟科專科醫生王振宇說，穿緊身衫「箍住個胃」、睡前食得太飽均可令病情惡化。芸芸治療咽喉反流的藥物，以抑制胃酸「雷貝拉唑」較有效，持續服用12周病情減輕，最近FDA發出警告，指此藥可能導致骨折，但醫學界暫時認為安全。
20100730-48,20100730,48,高峯期殺到　流感求診增,高峯期殺到　流感求診增 【本報訊】夏季流感高峯期殺到，衞生防護中心的監測顯示，最近數周流感病毒在社區活躍度上升，中心在過去兩周檢測到的流感病毒數量增加近三成，以豬流感病毒佔多數，到私家醫生求診的流感病人也微升，上周有七間院舍爆發流感，共29人中招。 病毒樣本增27% 公共衞生檢測中心在本月19至24日內，在社區化驗到125個流感病毒樣本，較對上一周增加27%。衞生防護中心發言人指，過去兩星期偵測到的流感病毒主要是豬流感，約佔40%，餘下是甲型季節性流感病毒（H3N2）及乙型流感病毒。另外，向私家醫生求診的流感病人也增加，上周每千宗求診個案中，平均有51.5宗是流感病例，較對上一星期的40.1宗病例上升。 雖然當局在去年流感高峯前已替院舍長者注射疫苗，但近期院舍爆發流感也有上升，由本月中一周只接獲一宗爆發個案（13人受感染），增加至上周有七宗爆發，共29人染病，當中一半個案是在安老院舍。
20100730-49,20100730,49,醫療短波人工骨骼治關節退化,醫療短波 人工骨骼治關節退化 關節退化的病人靠更換人工關節維持正常活動，美國研究發現在兔子有問題的關節植入人工骨骼，再加上特製的混合物，可刺激組織增生，令人工骨骼與軟骨磨合，長出新骨骼，令受損關節活動自如。現時普遍採用的人工關節是使用金屬物料製成，每隔10至15年便要更換；新方法可令關節變成身體一部份，更持久耐用，專家計劃開展人體臨床研究。
20100730-50,20100730,50,醫療短波益生菌或可製減肥品,醫療短波 益生菌或可製減肥品 腸道益生菌原來可以減肥，比利時一項研究將老鼠分成兩組，一組在每日飲食中加益生菌，另一組則正常飲食，三個月後，有食用益生菌的一組老鼠不但體重較輕，整體脂肪量也較低。研究人員再餵兩組老鼠食高脂肪食物，有食用益生菌的老鼠仍較輕磅，即使食用高脂餐體重仍受控制，研究人員期望可將益生菌開發為具實質減肥功效的產品。
20100730-51,20100730,51,生死兩相安：五全照顧,生死兩相安：五全照顧 善寧會自1986年成立以來，一直推廣「五全」的臨終照顧模式，現以患末期胰臟癌的凌伯為例，總括「五全」的服務理念，即「全人、全家、全程、全隊、全民」的照顧。 第一是「全人」照顧，意指對末期病患者「身、心、社、靈」的關懷，服務不只照料凌伯的身體，更重視其心靈和情緒的支援，並照顧其姐姐和小孫女的需要，協助他們陪伴凌伯走人生末段。最後同工也鼓勵家人與凌伯一起整理和傳承其人生的意義，讓凌伯今生無憾。 顧及病者至親 第二是「全家」照顧，凌伯患病，其親友同樣承受沉重壓力，凌太更倍感神傷，善終服務不只照料凌伯，更顧及其至親。第三則是「全程」照顧，當凌伯被診斷壽命剩餘約半年時，已可接受善終服務，服務團隊更陪伴他及其家人一起面對整個人生末段的過程，甚或凌伯離世後，仍繼續支援其家人。 第四是「全隊」照顧，意指整個團隊包括醫生、護士、心理治療師、社工、物理治療師、職業治療師、院牧、照顧員及義工等攜手合作，支持凌伯和家人處理不同層面的需要，全面協助及照顧他們適應人生末段。 最後是具雙重意義的「全民」照顧。一方面，善寧會深願「全民」都能夠得到全面的臨終照顧，每一位市民當有需要時都可享這服務；另一方面，我們盼望「全民」能夠參與支援臨終病人和其家屬，在死亡的陰霾下活出光彩。 撰文：善寧會 逢周五刊出
20100730-52,20100730,52,小啟,小啟 版面調動，《applehealth》暫停。
20100730-53,20100730,53,親子活動驅散家暴陰霾,親子活動驅散家暴陰霾 家暴受害人入住保護宿舍短暫棲身，讓受虐的心靈有喘息機會。惟離開宿舍後，如缺乏支援，容易出現情緒問題。東華三院芷若園獲蘋果日報慈善基金撥款2萬元，推行「茁若行動」支援家暴受害人計劃，為離開宿舍的受虐婦女及其子女提供跟進服務，助家庭間加強彼此聯繫，提升抗逆能力。 負責是項計劃的社工郭殷言表示，計劃對象為曾入住芷若園短期住宿服務的家庭，家暴受害人離開宿舍後3個月，社工會透過電話或家訪了解他們重展新生活的情況。 繼續聯繫凝聚力量 該會又安排戶外活動及小組聚會，讓受助的家庭繼續聯繫，凝聚力量，發揮互助精神。此外，又鼓勵曾經歷家暴傷痛的青少年參與義工服務，宣揚家暴「零容忍」的正面訊息。 該會於6月初舉行親子日營，共75名受虐婦女及其子女參與。郭姑娘表示，離開宿舍後各服務對象各自為生活奔波，難得聚首一堂，大家都玩得十分投入；餘下活動包括每月一次的受虐者小組分享，以及家暴青少年歷奇訓練和義工服務，計劃至明年3月底結束。 經歷家暴洗禮的阿May，兩年前忍不住前夫施虐，帶着數名子女入住芷若園，「雖然唔係屋企，但感覺好安心同舒服」，阿May和子女為基督徒，靠禱告走出家暴的黑暗日子，「我教仔女唔可以逃避，要積極面對日後生活」。 分享經歷十分受用 阿May指，新生活雖遇到不少困難，但透過每月一次的小組活動，與同路人分享經歷，十分受用；她開心地說：「幾個仔女喺親子日營見番啲宿友，好開心，原來當時建立嘅友情咁珍貴，雖然相處日子好短，又好耐冇見，但一啲都唔陌生，難得有呢個機會畀佢哋相聚。」 芷若園24小時危機熱線：18281 「社福機構專戶」捐款編號﹕S0006 網上捐款： http://charity.appledaily.com.hk/donate  蘋果日報慈善基金 電話：29908688 傳真：37112468 電郵：mailto:adfund@appledaily.com 網址： http://charity.appledaily.com.hk  蘋果日報慈善基金接收捐款戶口 恒生銀行：368-006565-001 中國銀行：012-898-00067655 滙豐銀行：580-198836-001 渣打銀行：447-0-667059-3 網上捐款 捐款記錄
20100730-54,20100730,54,助醫療搬遷剩2.1萬元,助醫療搬遷剩2.1萬元 患脊骨退化的阿安（個案編號：C2764）求助腰部植入人造骨的醫療費及獲配公屋的搬遷及裝置費，獲捐款逾10萬元。扣除3.2萬購買人造骨及手術費，以及約4.7萬元裝置新居、添置生活所需，餘下2.1萬元撥充「醫療專戶：S0003」。 網上捐款： http://charity.appledaily.com.hk/donate  蘋果日報慈善基金 電話：29908688 傳真：37112468 電郵：mailto:adfund@appledaily.com 網址： http://charity.appledaily.com.hk  蘋果日報慈善基金接收捐款戶口 恒生銀行：368-006565-001 中國銀行：012-898-00067655 滙豐銀行：580-198836-001 渣打銀行：447-0-667059-3 網上捐款 捐款記錄
20100730-55,20100730,55,動漫節今開鑼　生意料增20%玩具迷準備兩萬元掃貨,"動漫節今開鑼　生意料增20% 玩具迷準備兩萬元掃貨 【本報訊】一連五天動漫電玩節今日開鑼，瞓街九天的機迷動漫迷終於可入場狂掃限量精品，部份成為目標的攤位坦言，限量品料一兩小時便會被搶購一空，部份展商料生意額上升20%。玩具迷瘋狂程度也不弱，部份動輒豪擲一兩萬元掃貨。 落雨不怕的機迷動漫迷，部份已在街頭輪候數天，昨晚雖一臉疲憊，但心情亢奮，「我哋十幾個一齊排隊，唔怕俾人打尖」。李先生一雙熊貓眼裏，似乎只有網絡遊戲商越一的限量卡倫手辦模型，「買咗第一時間要跑去返工，因為已經請咗好多日假喇」。 推最後一期《蠟筆小新》 曹太與家傭一起陪13歲兒子Harrison，通宵輪候搶購限量版陀螺，「佢一個人嚟我咪仲擔心」。忙於打機的Harrison「偷空」說了一句：「個陀螺好得o架。」他說完又回到遊戲世界。 越一推出的LFO卡倫手辦模型，特別版僅10個，頭3個顧客可獲贈冰清版。由於另一批漫畫迷也排隊數天，為搶購天下的「12吋絕世好劍」加「雪飲刀雷射版」套裝，展商也嚴陣以待。 玉皇朝負責人也說，已有粉絲輪候搶購南宮問天手辦公仔，料生意會有最少10%增長。 玩具限量精品也不容忽視，LEGO發言人指，每年推出的限量積木，定必被掃清，今年貨車套裝、購物商場套裝也不會例外，而瘋狂粉絲隨時一擲一兩萬元掃貨，至於一般顧客則多選購專誠由外國運到的匙扣等，「今次最hit肯定係ToyStory款」。 由於有傳《蠟筆小新》作者臼井儀人身故後，新出的20周年第50期紀念版將是最後一期，場內小新的攤位料擠滿粉絲。國際影業負責人陳華品說，雖然相信出版社會繼續推出新故事，但他預料攤位生意額仍會大升50%，「今年又有新戲上呢。」攤位除發售精品外，也有該新戲《成個老襯從此被困》佈景板。 Gameone請來的台灣性感美少女大元，昨已急不及待與本地宅男抱抱。幸運兒將是首20名購買點數卡的機迷。Gamania也邀台灣showgirl及本地o靚模到場，負責人料可令生意額升20%。 對於被禁在攤位內舉辦o靚模活動，Gamone發言人擔心生意較預期少20%，揚言考慮明年不再參加展覽。Xbox360則設亞洲首個Kinect公開試玩台，本地機迷可率先試玩全新體感遊戲。 動漫電玩節必掃精品 展商：1.國際影業 精品：蠟筆小新襟章　售價：18元 精品：蠟筆小新毛公仔　售價：59元至129元 展商：2.LEGO 精品：ToyStory匙扣及磁石　售價：60元至159元 精品：貨車套裝　售價：279元 精品：購物商場套裝　售價：1,599元 展商：3.Gamania 精品：絕對武力反恐狙擊密碼卡　售價：200元 展商：4.Gameone 精品：勁舞團體感結他　售價：350元 展商：5.玉皇朝 精品：南宮問天手辦公仔　售價：1,200元 展商：6.天下 精品：「12吋絕世好劍」加「雪飲刀雷射版」套裝　售價：800元 展商：7.越一 精品：LFO卡倫手辦模型　售價：800元 資料來源：以上參展商 動漫電玩節2010 日期：7月30日至8月3日 時間：早上10時至晚上9時（8月3日提前至晚上8時） 地點：灣仔會展 節目及特色：ACGGirl比賽、創意地攤、電擊高達模型王大賽、Cosplay大賽等 入場費：28元 資料來源：動漫電玩節"
20100730-56,20100730,56,蘋論：折騰記者死傷者　江蘇高官無恥 - 李平,蘋論：折騰記者死傷者　江蘇高官無恥 - 李平 江蘇省南京市前日發生塑膠廠丙烯管道爆炸，由於爆炸發生在居民區，丙烯又是易燃有毒氣體，事件引起海內外關注，但當局禁止電視台現場直播，又在網絡上封殺部份消息和評論，公佈的死傷人數更與當地記者所披露及內地傳媒報道大相逕庭，甚至傳出市政府向醫院下令，所有重傷人員一定要撐過三日。江蘇省是中國經濟最發達的省分之一，高官竟如此折騰記者、折騰死傷者，不只顯示中國政制改革之落後，更顯示一眾高官實在是鮮廉寡恥。 江蘇官員封殺爆炸新聞的手法，堪稱集中國新聞封鎖之大成。其一，擺出衙門威風，直接封殺。江蘇網絡電視台城市頻道前日在爆炸現場作直播時，有官員上前質問記者：「你叫甚麼名字，把電話給我。哪個讓你直播的？」一番官威十足的質問，經電視直播、網站傳播，造成的震撼可想而知。 其二，在官方網站及各大門戶網站屏蔽相關醜聞及評論。阻撓電視台現場直播的高官是江蘇省委辦公廳副主任徐光輝。昨日在內地最大搜索引擎「百度」，如果輸入「江蘇、徐光輝」，可以找到90多條新聞，如果輸入「江蘇、徐光輝、直播」，則顯示「搜索結果可能不符合相關法律法規和政策，未予顯示」。 其三，阻止異地採訪及媒體交換稿件。這是中宣部為禁止媒體進行異地監督而在今年7月下達的新禁令，對在外省發生的新聞，必須採用新華社的通稿。不過，仍有敢言報章及一些中央級媒體未理會禁令，令南京7.28爆炸不致於只有千文一面的新聞。其中，最具爭議的就是死傷人數。 中央電視台前晚播出的新聞稱，有12人在爆炸中喪生，當地記者更聲稱，死亡人數達到72人。但江蘇官方前日堅稱只有10人死亡，至昨日在記者會上又宣佈只有13人死亡。與此同時，有內地記者引述一位南京醫生稱，市政府給醫院下達指令：「所有重傷患者一定要撐過三天，撐不過也要撐，三天以後死亡就是因傷死亡。」言下之意，就算有人在三天內傷重不治，也要等到三天後才宣佈死訊，屆時就不用計入在爆炸中死亡的人數。 內地以往有不少安全事故，官員都在第一時間宣稱死亡人數只有10個或不足10個，這是為甚麼？因為，國務院規定，死亡超過10人的事故為重大安全事故，地方政府須在規定時間內上報，並接受上級派人調查，如果死亡超過30人，則為特大安全事故，如果「社會影響特別惡劣或者性質特別嚴重」，省長將受到國務院行政處分。 江蘇高官如此折騰記者、折騰網絡，渾然不理有毒氣體爆炸的現場直播，對於訊息傳遞、民眾生命和財產安全有着多麼重要的作用，因為他們心虛得很：恐怕現場直播會洩漏實際傷亡人數、救援進度、市民不滿等「機密」；恐怕死亡人數達到特大事故的分級標準，就要驚動國務院派出調查組，還可能累及省長被處分。只是，如此草菅人命，真的可以一手遮天、為所欲為嗎？高官阻止現場直播，結果成了直播的主角，正應驗了「舉頭三尺有神明」之理。 文：李平 周一至周六刊出
20100730-57,20100730,57,江湖滾熱辣 - 馬龍,江湖滾熱辣 - 馬龍
20100730-58,20100730,58,隔牆有耳：虛擬巡區　煲呔好滿足 - 李八方,隔牆有耳：虛擬巡區　煲呔好滿足 - 李八方 美國總統奧巴馬喺facebook戶口，吸引超過700萬粉絲加入，煲呔有樣學樣，又搞facebook，話諗住透過咁嘅網上平台，加強同網民溝通，咁咪即係變相虛擬巡區？據講今次係延續網上宣傳政改方案條橋。 八方仲記得，幾個月前煲呔起錨被市民猛烈狙擊，搞到後來落區洗樓都神神秘秘，事先唔通知傳媒採訪，巡完街至喺網上播片，咁搞落去，煲呔第時巡區都唔使親自去啦，搵人攞住電腦屏幕嘅facebook畫面畀街坊睇咪得囉，以後就算黑雨或者酷熱天氣警告都冇有怕咯。 二萬幾蚊請fb項目主任 八方聽聞今次煲呔咁有興致搞facebook，全因上次佢搞「起錨」facebook極之滿意，特別係佢原來同港女有同一樣嗜好，就係對自己喺facebook拍片、自貼十分興奮，加上又可以喺個facebook留言自說自話，想話自己幾巴閉都得，「效果一流」喎，唔知係咪開心得滯，於是encore再搞facebook。 上次煲呔「起錨」facebook，其實係佢個特首辦特別助理鬍鬚仔陳岳鵬度嘅橋，今次煲呔就額外落本，為facebook戶口開一個項目主任職位，月薪去到2.3萬到2.7萬蚊，為期18個月，都幾和味。 自以為in唔明網上文化 有政界中人對八方話，煲呔淨係識使錢做嘢，根本唔明白要同網民溝通，唔係使錢就得，係要尊重同接受網上規矩，淨係睇上次運輸及房屋局局長鄭汝樺搞facebook討論高鐵撥款，竟然限時限刻，當人哋留咗言就係溝通，完全唔明網上文化，連現實生活嘅溝通要雙向進行都達唔到，結果俾網民插到飛起。 今次煲呔又搞facebook，到時一定有網民踩場，唔知煲呔係咪會搵佢個兩萬幾蚊嘅項目主任，幫佢全職刪文呢？若果要搞河蟹facebook，就不如慳番納稅人啲錢好過！ mailto:pf_lee@appledaily.com
20100730-59,20100730,59,隔牆有耳：海報設計國際賽　港孩稱霸 - 李八方,隔牆有耳：海報設計國際賽　港孩稱霸 - 李八方 本港新一代經常俾人話係港孩，自閉又依賴，不過總有例外嘅。由聯合國難民專員公署同志願組織合辦嘅國際尊重海報設計比賽，香港青少年代表就喺八個大獎中包辦六個，其中18歲嘅張文傑同17歲嘅陳曉穎，分別攞到14至18歲組別嘅全球冠軍同全球榮譽大獎。 今年比賽主題係「小眼睛看和平」。張文傑嘅作品，描繪唔同國籍小朋友好開心咁攞住畫筆，繪畫一條直達天際嘅彩帶，伴住飛翔嘅白鴿，表達世界和平；陳曉穎就畫咗一隻眼睛，投影出小孩子心目中嘅和平，係一條連接世界各國嘅彩虹，傳遍愛、笑聲同和平。得獎作品正安排世界巡迴展覽，遲啲仲會印製明信片送畀第三世界嘅小朋友。
20100730-60,20100730,60,隔牆有耳--漁護署長解畫：er…er…er… - 李八方,隔牆有耳--漁護署長解畫：er…er…er… - 李八方 漁護署早排捉流浪狗捉到狗吐血嘅短片被上載，網民廣泛流傳後，漁護署署長黃志光噚日到元朗區議會解畫，講到署方當日用頸索捉狗手法有冇唔妥，黃志光突然口窒，「er」咗成10秒至答得出，「我哋覺得，係用咗啲er……er……即係er……係用咗啲嘅力，er…即係一啲啲手，要硬少少，因為隻狗本身，喺嗰個時間係幾兇惡，我哋要制止住佢」。 講完個唔清唔楚嘅答案後，黃志光話返去會同前線員工開會檢討，包括將市民對事件嘅感受反映畀員工聽，要求員工日後執法時要用最少武力。其實黃志光噚日對捉狗態度冇變，講到自己兩面受敵，一邊有愛護動物人士話殘忍，但又俾人投訴冇盡力捉清流浪狗成為「廢柴」，最搞笑係佢將漁護署捉狗，同警察捉賊相提並論，警察捉賊時同個賊都可能受傷，「但唔可以唔捉」。 有到場旁聽會議嘅愛護團體代表聽到署方咁回應，當然即場表明唔收貨，加大力度炮轟漁護署捉狗方法唔人道，要求署方一定要處罰搞到狗隻吐血嘅職員。
20100730-61,20100730,61,隔牆有耳：惡搞政府總部建骨灰龕 - 李八方,隔牆有耳：惡搞政府總部建骨灰龕 - 李八方 立法會最快可以喺明年年底遷入添馬艦新政府總部開工，各派議員家正係忙於揀辦事處位置。細屋搬大屋，唔見一籮穀，唔少議員都覺得搬完入去唔夠半年又到2012年立法會選舉，搞一餐真係唔搬好過搬，好似自由黨方剛咁，就支持喺舊立法會大樓做到2012年中就算，唔使等新辦事處入伙冇耐又要執位。 政府仲未公佈現時作為議員辦事處嘅政府總部有乜嘢用途，方剛有個大膽建議，就係改做骨灰龕場，政府叫18區唔好各家自掃門前雪吖嘛，咁以身作則都好應該吖。 唔少議員一休會就即刻四出外遊，方剛就同田少等老友9月先出發去地中海嘆世界。
20100730-62,20100730,62,八方人物：不是鋼琴家的鋼琴家開音樂會,"八方人物：不是鋼琴家的鋼琴家開音樂會 訪問《音樂人生》主角黃家正（KJ）那天，碰巧他的母校拔萃男書院在世界合唱比賽奪冠後回港見傳媒。記者告訴他，他說：「啊！嗰個WorldChoirGames！」然後對着攝影機的鏡頭喊：""Congratulations﹗Hello！Congratulations﹗Mydearfriends﹗"" 用音樂探討音樂本質 想起電影那一幕，老師和同學比賽前圍起來祈禱，他冷眼旁觀；他帶領同學贏了比賽，同學歡呼「音樂王國捨我其誰」，他搖頭冷笑。你認為黃家正狂妄自負，黃家正說「玩音樂唔係為咗比賽」。 影片記錄了11歲就到捷克演出的黃家正，直至17歲的音樂人生。現實中，KJ已是19歲的少年，他思考人生、探索音樂的故事沒有停下來，去年由美國回港休學一年，近日與中四時的拔萃同學吳懷世（NG）合辦名為《音樂就係咁》（MusicisMusic）音樂會，下周演出。 「想用音樂探討音樂嘅本質。」KJ以一貫迫不及待的語氣和手勢去說明。「MusicisMusic呢個名有趣嘅地方係simplicity（簡單），冇咁多花言巧語。」單張上KJ自我介紹「不是鋼琴家的鋼琴家」，「（好玄喎？）唔係好玄，係好real（真實）」。「我唔想自己局限自己，亦唔想被任何東西局限。」 他討厭語言的標籤，更鄙視俗世的一些價值，如比賽的勝負，如考試的成敗，不屑它們扭曲了音樂，更不滿香港音樂教育「功能化」。「學音樂嚟考中學、考大學，放喺CV（履歷）……好多學生考到八級、演奏級，但有幾多個懂得欣賞音樂？我喺facebook發出音樂會嘅邀請，大部份答覆嘅唔係讀音樂嘅人，最少人回覆嘅就係DBS（男拔萃）或其他名校嘅group（群組）。」 藉音樂傳遞生命態度 他認為香港有個奇怪現象，「越學得多音樂嘅越唔想聽音樂」，「教育氣氛令到我哋唔懂得欣賞我哋學緊嘅嘢，唔會享受學緊嘅嘢，甚至唔能夠完全學會我哋學緊嘅嘢」。11歲已思考死亡的早慧少年，對教育問題比很多家長看得通透。 「試過一次幫我哥哥考演奏級伴奏，之後我話我呢生人都唔會再踏入考試房，因為我成世人未見過更加無聊嘅嘢。」香港學生報考英國皇家音樂學院等樂器級別試的人數比例隨時破世界紀錄，黃家正也在11歲時考獲鋼琴八級，但自言「嗰時唔知自己做緊乜」。 KJ說，他和很多拔萃同學都很幸運，有很好的家庭背景，有學校的支援，「有少少唔好彩，喺商業社會要家庭有條件先可以學音樂，我覺得有責任將音樂帶畀更多人」。他希望音樂會給大家的不只音樂，「仲有對生命嘅態度，對事物嘅觀點」。 記者　陳沛敏 非一般性格 身為主角不看《音樂人生》 張經緯執導的紀錄片《音樂人生》，去年叫好叫座兼奪獎無數，令黃家正的故事家傳戶曉。有人認為KJ是特立獨行的音樂天才，有人指他是恃才傲物的狂妄少年。但他好友吳懷世眼中，KJ不是那麼「寸」，「其實視乎乜嘢事同乜嘢人；對朋友，佢就好友善。」 KJ從未看過《音樂人生》，但他說電影公映後，讓他「認識到想像唔到會認識嘅人」，這些人啟發了他，改變了他的生命。 對於「寸嘴」形象，KJ不諱言：「我個人好多嘢想講，唔講唔得嘅嘢，所以有個urge（衝動）去講嘢。」他自言「癲癲哋」，早前上一個電台節目，因為強烈「想motivate（激發）香港嘅毒男」，效果有點弄巧反拙。 對比電影，KJ有些地方還是改變了，他現在會說：「喺美國時有個好朋友，我有次比較偏激咁同佢講，唔明點解咁多人讀（音樂），市場冇咁大。佢個答案幾好，佢話，有時永遠唔知讀嗰樣嘢，對一個人嘅影響喺邊度。」朋友跟他說：「就算日後唔做音樂家都好，呢段可能會係人生最開心嘅時間。」KJ下月底將返回美國繼續學業，繼續在複雜的世界，探索奇異的人生與音樂。 本報記者 《KJ&NG音樂就係咁》詳情 演出：鋼琴─黃家正（KJ）、長笛─吳懷世（NG） 日期：8月2及3日晚上8時 地點：香港兆基創意書院多媒體劇場 票價：$240/$180/$90（學生及長者） 購票：即日起各城市電腦售票處發售；網上訂票 http://www.urbtix.hk  查詢網頁： http://www.creativehk.edu.hk/artscentre  註：8月3日下午6時同場加開一場免費音樂會，供持票人士先到先得入座"
20100730-63,20100730,63,CentralWalk：明年選村代表　新界王受挑戰 - 單仁,CentralWalk：明年選村代表　新界王受挑戰 - 單仁 新一屆村代表選舉明年1月舉行，但政改後有「超級區議員」的立法會議席，政界都將焦點放在明年底舉行的區議會選舉，自然不會耗心力於在鄉村舉行的村代表選舉。 單仁卻聽聞今年有位原居民別具膽識，有意在龍鼓灘挑戰劉皇發的原居民村代表地位，不讓他與另一位原居民代表自動當選，為今屆村代表選舉增競爭色彩。 劉皇發處之泰然 出生於屯門龍鼓灘村的發叔，目前與劉威平同為該鄉村的兩位原居民村代表，居民代表則為劉志誠。屯門向來是發叔盤踞地，他在1960年便在前鄉議局主席陳日新欽點下擔任龍鼓灘村村代表，72年更獲選為屯門鄉事委員會副主席，步上新界王之路。 不少人認為發叔在龍鼓灘村德高望重，應該不會有人敢於挑戰，但最近新界人圈子卻傳出，有人銳意在新一屆村代表選舉中挑戰這位老前輩，更已宴請村民飲飲食食，打好關係，打破發叔壟斷之位。八方暫時未知該位後進是何方神聖，膽敢在新界王頭上動土，但發叔卻處之泰然，笑說「係有可能會有人挑戰o架」，似乎都做足心理準備，不過又看來勝算在握。 有新界人向單仁稱，有關村代表議席對發叔必不可失，因為只有成為村代表，他才可以參與屯門鄉事委員會選舉。成為鄉委會主席後，便可以當然議員身份進入鄉議局，並競逐主席。而且村代表具當然議員身份順理成章成為屯門區議員，現為屯門區議會主席的發叔，也是循此途徑成為話事人，可見有關議席的戰略價值。 更關注賄選問題 雖然有人或會披甲上陣，但有局中人卻認定有關人士意在挑戰另一位原居民代表劉威平，始終發叔有相當深厚的江湖地位，相信不容易就此被擊倒。局中人反而更加關注，元朗等地經常出現的飲飲食食涉嫌賄選壞習慣會否變本加厲，發叔曾經於04年說過樹大有枯枝，希望新界人自律，不知時代有否推動這些新界人進步？
20100730-64,20100730,64,蘋果會客室,蘋果會客室 ◆本報昨日港聞版A19《水災肆虐馬會發援助金》文中，馬會向沙埔仔村災民每戶派發二萬元，並非三萬元。──多謝馬會指正 《蘋果》會客室是本報與讀者及廣告客戶的溝通橋樑，歡迎來函或來電提供意見、或指正錯誤。 電話：29290000 傳真：23703283 電郵：mailto:adnews@appledaily.com
20100730-65,20100730,65,探針：廣州人撐粵語的意義 - 張華,探針：廣州人撐粵語的意義 - 張華 七月二十五日下午，近萬廣州市民集會，力撐廣東話（也有報道說，人數多達二萬）。原本態度曖昧的廣州當局，改為恩威並施的為事件降溫：一方面，市公安局宣佈拘捕一名「煽動網民非法聚集」的湖北籍余姓男子；另方面，市政府辦公廳副主任歐陽永晟在記者會上用粵語表示，這是無事生非的「無厘頭」鬧劇，強調「推普廢粵」是個徹頭徹尾的偽命題。 七月初，有廣州政協委員向市政府提案，要求將廣州電視台主要頻道「綜合頻道」，由粵語改為普通話廣播，不料引起軒然大波，廣東體制內不少知識精英、新聞界名人，甚至幹部，都暗中反對，年輕網民的反應就更激烈了，視之為消滅粵語的「陰謀」，因而發起「撐粵語」行動。被問到是否接納提案時，廣州市長萬慶良一直都不表態，而歐陽永晟的講法，是廣州當局首次表達立場。 近萬市民自發上街，力挺廣東話，是廣州人對廣東生存空間被壓縮、粵語文化被邊緣化等焦慮的集體投射。近年國內「群體性事件」，大多與「維權」有關，老百姓在權益受損、走投無路之下才會走上街頭，目的只是引起當局注意，解決問題。但今次捍衞粵語運動，是「六四」以來中國人第一次為了「粵語」這種身外之物，而非「收地」、「拆遷」等切身利益，走上街頭，意義非凡。 捍衞行將失去的價值、理念這些虛無東西，說明廣州人衣食已足，開始追求物質以外的生活質素，這讓我想起香港的「七一」大遊行。○三年，特區政府不理民意，強行推動《基本法》二十三條立法，扼殺港人的自由及言論空間，引起市民的強烈反彈。這是港人為捍衞極可能失去的生活方式而行動起來，跟廣州人今日挺身而出捍衞粵語，如出一轍。 粵語是廣東人生活的核心，也是南粵文化精華，失去粵語，廣東人也就失去文化及生活的根。廣東幾千年來偏安一隅，中原朝廷無暇顧及，自生自滅之餘，卻也發展出獨特的嶺南文化。這個自由空間，在毛澤東時代一度失去，到改革開放之後才重新找回來，並成為往後廣東高速發展的重要助力。 廣州人當然明白，在今日的體制下，一旦北京當局以行政命令強推普通話，粵語生存空間必被蠶食，而且可能只是中央干預廣東的第一步，往後廣東的自由發展空間會大大壓縮。正是這種憂慮，令大家走上街頭。今天只是捍衞，他朝就要追求了，然否？ 張華 逢周二、五刊出
20100730-66,20100730,66,砌出許願樹的「立體回憶」,砌出許願樹的「立體回憶」 【本報訊】大埔林村許願樹是港人集體回憶，LEGO粉絲Eddie也自小跟父母到樹前祈願，老樹已不再，他便以一塊一塊積木磚，砌成大樹、寶牒、村屋等，砌出香港人的「立體回憶」。他的作品已打入砌好香港比賽的12強，冠軍誰屬，動漫電玩節內會揭曉。 曾每月花六千元掃貨 小小的積木磚，只有簡單的線條，落入Eddie手中，卻變化萬千，一會兒是許願樹密密麻麻的綠葉，一會是掛在樹枝的寶牒，也可以是鄉村新年必備的炮仗。約30歲，從事IT行業的Eddie對這棵樹特別有感情，父母從小帶他到林村許願，願望由希望成績進步，漸漸變成「想快啲有女朋友」，「後來樹斷咗，當知道呢個比賽，第一時間諗起砌許願樹」。 他按照記憶及相片，以積木磚模仿大樹形態，連附近村屋，他也一絲不苟，因為雖然LEGO已備砌屋磚，但他認為未能重現林村村屋的牆身花紋，遂自己用基本的積木磚，逐塊逐塊砌出牆身。為營造新年氣氛，他也砌出兩頭醒獅，「啱啱好可以放個人仔去舞獅」。 三、四年前首次買了一幅LEGO後，他便自言如「中毒」般，瘋狂愛上砌積木，高峯期每月花五、六千元，到動漫電玩節也花逾七千元掃限量精品，「可惜屋企唔夠大，有啲都冇砌出嚟」。 比賽以香港好去處為題，12強作品包括黃大仙祠、鴨寮街、體育館、寶蓮寺大佛等，於動漫電玩節展出，由亞洲唯一LEGOModelBuilder直江和由等評審，及入場人士票選，冠軍可免費雙人遊歐洲LEGOLAND。
20100730-67,20100730,67,蔣任宏與政商結構 - 黃世澤,蔣任宏與政商結構 - 黃世澤 政府宣佈由曾經在郵政署長任內有觸犯《個人（資料）私隱條例》紀錄的蔣任宏接任私隱專員，令不少人感到詫異，為何港府會作出如此政治不正確的決定。 不過，如果大家看看近日吳斌為證明自己不是一位尸位素餐的私隱專員，在調查個人私隱買賣事件的勇猛表現，就不難理解港府任命蔣任宏背後的真正理由。 吳斌以公開聆訊方式，迫使八達通日日賞公司承認他們不但賣了日日賞使用者的個人資料，還一併爆出沒有參與日日賞的個人八達通持有人的資料也被賣掉，而且八達通公司可以賺到四千多萬元，甚至有銀行涉嫌違反《個人（資料）私隱條例》，金管局都可以懵然不知，要吳斌向公眾透露有關事件，金管局才去跟進。 私隱專員遲早淪為花瓶 事實上，香港部份商界為了賺取市民一分一毫，有很多做法根本有問題，政府很多時故意不立法，亦故意不執法，像收數公司滋擾民眾，法律改革委員會建議立法，很多前線警員都希望立法，但保安局拒絕；像類似雷曼迷債、天匯事件，需要像英國修改詐騙法來解決，政府一樣不跟進。而在吳斌首開公開聆訊先例前，為何未有過私隱專員引用公開聆訊權力，將商界侵犯個人私隱來賺錢的手段暴露在公眾面前？金管局為何可以對銀行侵犯私隱做法視若無睹？市民就是這樣由生活的一點一滴中，產生官商勾結橫行的印象。 蔣任宏既然有過侵犯私隱紀錄，日後私隱專員會否像吳斌般一樣，就很成問題。或許蔣任宏在審計署報告上無懈可擊，但他很有可能在處理侵犯私隱個案時，只打小蒼蠅，而不敢打大老虎，那麼私隱專員就會淪為花瓶。這是否就是港府指派蔣任宏的玄機？ 面對香港以為合法，便可以禮義廉恥甚麼都不理的商界和政府，私隱專員、申訴專員等英國人引進的東西，遲早就淪為花瓶。如果香港不向廢除功能組別邁進，吳斌調查八達通的做法，也很難成為先例，對商界有阻嚇作用。沒有民主，豈有民生？ 黃世澤 時事評論員
20100730-68,20100730,68,國際化也是一種習慣 - 焦國標,國際化也是一種習慣 - 焦國標 近日讀兩卷本的《張治中回憶錄》，深感其中涉及作者民族主義心理的兩個細節值得一談。一九二七年與二八年之交，張治中遊歷歐美半年。在這段愉快的經歷中，發生了兩件令他「很生氣」，「氣憤填膺，幾乎要罵人」的事。 其中一件不愉快發生在赴歐途中的印度洋上。船上舉辦化裝舞會，一名英國船客化裝成前清官員的模樣，身穿朝服補褂，腦面拖着小辮。「我（張）一見，氣極了，馬上退出會場，找船主交涉。」為何氣極？他這樣告訴船主：「這種化裝是不對的！……是對中國人的一種侮辱！」 船主是德國人。他對此番說辭有何看法，書中未提，但他還是應張的要求去交涉了。結果，那位英國人拒絕改變自己的化裝，理由是化裝晚會本無限制，不是也有人化裝成歐洲中古時期騎士的嗎？「古時的風俗習慣，沒有不可化裝的道理。」張治中則繼續堅持，稱「縱然不是侮辱，至少對我也是不禮貌」。船主往返數次交涉，那英國人仍然堅決拒絕改裝，認為自己沒甚麼不妥。最後船主笑着勸解張治中「不必太認真」，張治中則憤慨地退出晚會。 回憶錄中的張治中是一個非常通達的人，可是在此我覺得他是一位不可理喻的人。這本來就是一個化裝舞會，大家玩鬧一陣，以遣漫漫旅途的漫漫長夜的無窮寂寥而已。再者，朝服補子褂辮子本就是近三十年前中國的官服、國服和法定裝束，而今別人穿一下戴一下怎麼就成了對你侮辱，或起碼是對你的不禮貌？這條船上只有張治中這一位中國客人，是船主怕他寂寞，特意動員他來同樂的，他卻弄得船主為難，舉船不歡。 誰掃興就收拾誰 實際上，船方自啟航開始一直都非常「高看」張治中這位中國將軍，而這種高看恰成印度洋化裝晚會之夜，張治中要求別人為他的不高興而改變裝束的基礎。這一行為邏輯不只是張治中一個人的，也是每一個中國人的。在中國，所謂有權力，有聲望，有勢力，就是更由着自己的性子對別人發號施令，更無忌憚地迫使別人遷就自己的喜怒哀樂。 此外，中國人國民性中還有一個特點：自己的事，如果覺得不體面，就千方百計抵賴抹煞，不許任何人再提及。張治中也一樣。朝服補褂小辮子都過去了，你們誰也不許再提再模仿，否則我跟你急！ 君不見中宣部至今仍然如此行事，文革過去了，「六四」過去了，誰提這些掃興的事就收拾誰。 張治中曾與他的同僚談論蔣介石，說蔣「即使是想民主，也沒有民主的習慣」。僅就上述不愉快而言，這句話也可以套用在張治中（乃至當今無數中國人）身上：「即使想國際化，也沒有國際化的習慣。」 焦國標 北京大學新聞與傳播學院前副教授
20100730-69,20100730,69,政治感召力 - 錢偉洛,政治感召力 - 錢偉洛 自從網絡發展普及化，很多政黨都嘗試用facebook、twitter等網上工具，希望可以做到網上動員，從而加強自己政黨的政治實力和支持者，令選舉中得勢。但是，為甚麼有些政黨做政治動員會成功，但有些永遠都失敗收場。原因十分簡單，網上動員成功與否，決定在於這些人和事件有沒有政治感召力。 嘗試加強網上勢力 民建聯一些人嘗試用一個網絡平台，希望加強自己的網上勢力，令更多年輕人支持他們。但是，當每一次他們嘗試利用這個網上平台的時候，每次都會有人企圖惡搞他們。原因十分簡單，因為他們的理念、思想，沒有感召群眾的能力，甚至令人反感。所以每次民建聯或一些親建制人士，企圖使用網上動員，往往失敗收場。最近有一些支持建制派的人士，發動反社民連大遊行，結果只有二十人左右，我相信遊行失敗的原因，是因為他們訴求不能感召群眾，所以建制派企圖打開網上市場，可以說天方夜譚。 民主黨支持政改方案之後，一直希望可以利用網上平台，令網上的人支持他們。更有專人每日玩facebook四小時，企圖令反對他們的人支持他們。但是，他們支持政改方案，有何感召力可言？群眾會受它的感召嗎？我相信他們就算玩facebook四十小時，換來的只是民主黨出一句話，而就有超過十個人反駁他們，支持他們的人一定沒有多，只會令人有更多的反感。 錢偉洛 自由撰稿人
20100730-70,20100730,70,蘋果論壇漫畫 - 馬龍,蘋果論壇漫畫 - 馬龍
20100730-71,20100730,71,歡迎投稿,歡迎投稿 本報對來稿有刪減權，勿一稿兩投。來稿須附姓名地址電話。退件請附回郵信封。來稿可用下列方法擲交。郵寄：香港新界將軍澳將軍澳工業邨駿盈街八號一樓《蘋果日報論壇版》收；傳真：23703283；電郵：mailto:forum@appledaily.com
20100730-72,20100730,72,火腿豬肉罐頭底現黑色物質,火腿豬肉罐頭底現黑色物質 上周有市民投訴長城牌火腿豬肉有銀色液態珠粒，經食環署化驗證實是水銀，同一批次的午餐肉須回收。近日再有兩名市民投訴發現該品牌罐頭有不明物質。讀者張小姐數月前在百佳超市購買一罐長城牌火腿豬肉，食用限期為2012年12月，打開時發現罐內底部邊緣聚積了一些黑色不明物質，部份更黏到午餐肉底部，而罐頭包裝沒任何凹陷或破損。 林先生上月於Taste買入四罐長城牌火腿豬肉，食用期限為2013年2月25日，近日食用最後一罐時發現午餐肉及罐內底部出現黑色點狀不明物質，即致電1823投訴，食環署當晚即派員上門撿走罐頭檢驗，未知結果。 代理稱少量「硫化斑」無害 長城牌火腿豬肉的本港經銷商遠大貿易公司營業經理藍寶珍表示，已向生產商了解，得知該些黑色物質為「硫化斑」。罐頭封口時若罐頭蓋表面被機械劃花，塗料便會出現硫化現象，形成「一點點」黑色物質。 藍寶珍指，罐頭內出現少量「硫化斑」，依然符合中國品質商標標準，對人體無害；不過當被問及多少「硫化斑」的份量才屬超標，藍則表示要再向供應商查詢。 她補充，如市民發現購買的長城牌火腿豬肉有「硫化斑」，可致電該公司熱線25490016安排換貨。 食環署表示，除早前接獲上述品牌罐頭有水銀外，近日再接獲兩宗午餐肉有黑點的投訴，正進行化驗。今年1至6月，該署共收到12宗關於罐頭食品的投訴，該署食物投訴熱線：28680000。 檔案編號：0723011 學者意見 化驗方知是否有害 城市大學生物及化學系副教授林漢華表示，罐頭內部塗有一層聚脂膜，用以隔開罐身金屬及罐內食物。這一種聚脂膜屬惰性物質，對人體無害，不過正常情況下不會發生硫化作用，引致變黑。他不排除是在包裝過程中有金屬碎屑掉進罐內，再發生硫化作用，形成黑色小點。 林漢華又表示，而這種經硫化作用所產生的物質是否對人體有害，要經化驗才可確定。 社會服務 ◆報料熱線：29290000 ◆社會服務熱線：29908288 ◆蘋果日報慈善基金：29908688 ◆電郵：mailto:sservice@appledaily.com ◆傳真：37112468 ◆網上捐款： http://charity.appledaily.com.hk/donate  ◆各類表格： http://charity.appledaily.com.hk/forms  匿名投訴恕不處理。一經投訴，本報保留刊登權利。
20100730-73,20100730,73,積金知多啲：股票基金屬高風險,積金知多啲：股票基金屬高風險 問：近日股票市場似乎欠缺明確方向，我是否應該隨着市況而轉換投資在股票基金的強積金供款呢？ 答：強積金主要是長達數十年的長線投資，是退休保障。跟平日投資於股票市場不盡相同，市場的短期波動對強積金投資的長遠回報影響不大，因此計劃成員不應着眼於一時升跌。況且，股票基金的投資目標乃長期的資本增值，不宜視作短線炒賣，長期持有才可見成績。 適合較長投資期 股票基金的目標是獲取長期資本增值及高於通脹率的回報，因此其資產最少有7成投資在核准股票交易市場的上市股票上。由於股票市場通常較為波動，投資股票基金的風險較投資於其他種類的基金為高。所以，適合風險承受能力較高的計劃成員，例如較年輕、有較長投資期人士。 股票基金分為單一地方股票基金、區域性股票基金和全球性股票基金3種。股票基金的回報和風險程度，與基金投資所選取的國家或地區的股市特性和經濟狀況有關。因此，投資者應細心了解不同地區的股市特性、經濟狀況、前景及風險，及考慮分散投資於不同地區的股票基金，減低風險。 積金局熱線：29180102
20100730-74,20100730,74,協助市場調查掠水620萬八達通不道德賣私隱越揭越多,協助市場調查掠水620萬 八達通不道德賣私隱越揭越多 【本報訊】八達通公司以客戶資料圖利醜聞越揭越多，市場調查公司Cimigo的前僱員踢爆，指八達通公司協助市場調查公司邀請客戶參加問卷調查，每份問卷可賺取10元。八達通公司昨晚首次公開出售資料的另外4間機構，包括友邦保險。有立法會議員嚴斥八達通公司此舉是不道德行為，促政府將相關行為刑事化。記者：謝明明 八達通公司繼續用「擠牙膏」方式應付出賣私隱質疑。該公司昨晚發表聲明，承認曾向市場調查公司Cimigo提供約3萬個客戶資料，包括稱謂、姓氏和電話號碼，以進行電話調查，更向62萬持卡人士發電郵，邀請參加其與Cimigo合辦的調查，共賺取620萬元。 首披露友邦保險等4機構 聲明又首次披露，除Cimigo之外，又曾向市場調查公司TNS、雜誌分銷商MagazinesInternational及保險機構AIA/AIU（友邦/美亞）出售資料，但指有關合約已屆滿，而資料也於早前呈交私隱專員公署。目前仍有合作關係的分別是信諾環球及CPP。 八達通公司再次被迫透露資料，緣於身兼立法會議員的職工盟秘書長李卓人昨日下午開記者會，表示四日前接獲一名曾於Cimigo任職的市民投訴，指八達通公司利用「日日賞計劃」的客戶資料賺錢。 他引述投訴者稱，Cimigo與八達通公司合作，每當進行與市民生活或消費模式的問卷調查時，便會透過八達通公司向相關「日日賞計劃」的客戶發放網上問卷。「例如做快餐店調查，八達通會以自己名義向經常幫襯快餐店嘅客戶組群發放網上問卷。」每份成功完成的問卷，八達通可賺取10元，就算問卷未能成功完成，八達通亦會收取費用。 李卓人引述投訴人指出，雖然八達通公司不會將客戶資料交予Cimigo，但Cimigo會藉問卷抽獎活動，收集相關市民個人資料，「如果你想參加抽獎，就要留低姓名、電話及電郵等資料，咁Cimigo就可以收集做資料庫。」 私隱專員公署稱跟進 李卓人斥責八達通公司肆無忌憚以客戶資料圖利，是不道德行為，促請作為大股東的政府和港鐵介入事件，要求八達通公司全面交代所有利用客戶資料作商業用途的詳情，並要求政府將有關行為刑事化，以收阻嚇作用。 個人資料私隱專員公署證實已接獲該宗投訴，會跟進事件。Cimigo昨發表聲明，強調市場調查活動均遵守法例及國際守則，進行的調查均需獲受訪者同意下才展開。
20100730-75,20100730,75,金管局調查銀行恐客戶資料轉售,金管局調查銀行 恐客戶資料轉售 【本報訊】因應八達通出售客戶資料事件，金管局昨致函銀行，查詢是否有將客戶資料售予第三者，銀行須於一周內填妥問卷並作出回覆。銀行界表示，同業一向有外判委託電子銷售員（telesales）任中介人，代表銀行向其客戶推廣銷售本身產品，但此舉並非將客戶資料售予第三方，而是委託代理協助銷售。 提醒須保障客戶 金管局副總裁阮國恒本周二出席立法會會議時，已要求八達通聘請獨立審計師，進行全面檢討，以確立八達通公司在事件中的角色及責任，並研究公司轉交資料是否合法。 該局昨亦向認可機構發通告，提醒銀行界須注意證監會就金融中介人經官方網址，向客戶提供銷售文件的一系列營運指引。通告指出，客戶透過中介人網站取得銷售文件，其個人用戶名稱及密碼資料等須受到保障，中介人應以電郵通知客戶文件已上載，網站亦須保留客戶每日銷售文件、契據及收條等1個月，月結單保留12月讓客戶可登入查核。
20100730-76,20100730,76,動漫電玩節今日開鑼周秀娜、JessicaC.夾擊百果園E神,動漫電玩節今日開鑼 周秀娜、JessicaC.夾擊百果園E神 【2010動漫電玩節之肉搏戰升級】o靚模周秀娜今年書展被貿發局嚴禁進場造勢，但無損寫真集銷量，埋單仍售出逾3萬本佳績，榮登寫真女王，周秀娜本欲挾勢孖住警鐘胸o靚模JessicaC.孖咇殺入今日開鑼的第十二屆動漫電玩節，可是卻遭大會封殺；百果園E神陳靜有見書展人氣輸足成條街，她昨日單拖開胸現身動漫節會場，谷胸迎戰偷雞進場的周秀娜和Jessica。 第十二屆香港動漫電玩節今日在會展揭幕，展開一連5天的活動，o靚模又要埋身肉搏，雖然大會事前出招指為控制人流，禁止高知名度人士進場，在書展贏盡人氣的周秀娜、JessicaC.和浸大咪神楊梓瑤先後接到禁足令，人氣被遠遠拋離的百果園E神陳靜則倖免，她獲動漫節大會放生，昨日明知周秀娜和Jessica偷雞踩場試玩新遊戲，陳靜即以DeepV私伙裙晒34E豪乳，增強事業線，決意收復書展失地。 陳靜單挑孖咇女神 陳靜的寫真集未夠吸引，以致人氣滑落，她昨日在會展動漫節為遊戲商Gamania造勢，單挑迎擊Xbox360的兩位嘉賓周秀娜和Jessica，陳靜酥胸半露撐場，但仍不敵周秀娜和Jessica以性感bratop短褲晒孖鐘，兩女現身攤位試玩時，周秀娜不慎露胸墊和黑底，上下失守搶鏡，她們孖住玩遊戲招來場內其他攤位工作人員近百人圍觀，十分熱鬧。 陳靜未被大會列為知名人士，故能名正言順入場，她說：「唔畀入係另一種開心，但家畀入又係另一種開心。」陳靜明年目標可是努力升呢成知名人士，她說：「我日日都好搏，呢排都捱病咗，家都有啲臉腫腫。」陳靜否認昨日臨時為狙擊周秀娜而來，她說：「我一早知要嚟。」 縮水警鐘胸拒踩場 迎戰開胸陳靜，周秀娜和Jessica既試玩又打手印，兩女論養眼，Jessica貨不對辦的警鐘胸不及谷胸的周秀娜，但周秀娜卻說：「件衫係客戶揀，我只係揀自己鍾意嘅顏色。」 周秀娜昨日風騷進場，不忘再開腔寸爆大會說：「我最開心係今日成為亞洲首位知名人士試玩新game，我又第一次打手印，估唔到翻版樂基兒都可以打手印。」周秀娜和Jessica異口同聲指今日不會踩場動漫節，Jessica說：「幸運係今日嚟到，唔幸運係聽日嚟唔到。」大會日前禁止周秀娜和Jessica進場，她們昨日趁活動未開始走位入場，向大會示威，但周秀娜否認：「今日嘅活動係一早決定，唔係臨時加。」 身為遊戲商Enterbay宣傳大使的浸大咪神楊梓瑤（Carol），因遭大會施壓禁入場造勢，她今日改以巿民身份入場購物，Carol昨日到動漫會場試玩新網絡遊戲時，並透露遊戲商本安排胸前開窿旗袍示人，但怕招惹大會不滿，臨時封胸現身。Carol對於升呢成知名人士，她說：「唔知會咁，我係新手，我聽日會自己畀錢買飛入場買嘢。」Carol對大會安排無所適從，她說：「無端端又關我事，知名人士嘅稱呼，我拍馬都追唔上。」 浸大咪神回歸校園 Carol先後在書展和動漫被拒絕入場，她否認與寫真集意識不良有關，Carol不滿地說：「不如以後唔好畀o靚模入嚟，對於呢啲限制我莫名其妙，好唔公平。」Carol否認自己亮相會搶大會舉辦ACG　Girl候選人的風頭。對於早前梁詠琪公開勸Carol多讀書，她說：「我九月返學啦，多謝佢嘅意見，但人各有志。」 採訪：馬建華　攝影：黃文成 話你知：o靚模出產品再掘金 香港動漫電玩節一向吸引電玩迷熱捧，第12屆香港動漫電玩節今日開始至8月3日一連5日在灣仔會議展覽中心舉行，入場票價為28元。去年吸金女王周秀娜在場中大賣肖像攬枕，連13歲的小朋友也前往購買，掀起熱話。今年o靚模也趁動漫節吸金，周秀娜將乘勝追擊推出水戰用品、iPhone套及閃卡，浸大咪神Carol（圖）則推出電腦滑鼠墊及T恤，Donut則推出寫真DVD。 花絮：阿雪谷爆扮天使 陳志雲愛將孫慧雪昨日以「破邪天使」cosplay造型亮相為動漫節造勢，她谷爆33B咪咪搶鏡，原來她一身裝束，正是該遊戲代言人、擁36D導彈趙碩之的打扮，但穿在阿雪身上，身材毫不輸蝕，她說：「多謝你哋，我之前試衫，呢件都唔係最性感。」 花絮：妄攝女以暴易暴 妄攝女Kinki和Debby今日獲Xbox360安排在動漫節做imagegirl，兩女昨日入場做宣傳，她們的寫真集《inside》以撕衫作賣點，問到二人可擔心遭人撕衫？Debby說：「我件衫黐晒膠紙。」Kinki則說：「如果有人撕我，我就撕番佢。」 今日觀星時間表 「2010第十二屆香港動漫電玩節」開幕活動 時間：9:00am地點：大舞台 出席：Rainbow、ArYu、Irene、Sweet、Vilian Gamania活動 時間：10:00am及4:00pm地點：C11 出席：百果園E神陳靜 Enterbay促銷活動 時間：11:00am及3:00pm地點：EnterbayE28-29 出席：浸大咪神Carol Heartbeat青年音樂祭 時間：7:30pm地點：表演舞台 出席：Puffy、Castle、Fudanjuku
20100730-77,20100730,77,Stephy、小方雲南長相對,Stephy、小方雲南長相對 鄧麗欣（Stephy）、謝安琪、鄭融和周柏豪昨日在灣仔出席「粵港澳青少年反腐倡廉廣告片創作比賽頒獎典禮」。謝安琪以「肅貪倡廉大使」身份擔任主禮嘉賓，周柏豪負責監製及主演反貪倡廉宣傳片。 Stephy透露下月會和方力申到雲南拍攝一齣民初背景的電視劇，將要逗留三個月。她一直被傳和小方拍拖，今次朝夕相對感情勢必有增進，Stephy卻避忌說：「我好投入工作，總之呢次拍劇係一個好機會。」又謂劇集是民初背景，年代保守，相信不會有親熱場面。 鄭融談莊冬昕避忌 鄭融被傳與音樂人莊冬昕拍拖，她日前去看林峯演唱會，莊冬昕也有份參與林峯演唱會的幕後工作。問鄭融是否捧男友場？她說：「我公司有份參與林峯演唱會，四個模特兒其中一個係我公司嘅人，所以叫我去支持，拍拖嘅嘢我唔答喇。」但她承認新碟有些歌曲是出於莊冬昕之手。 採訪：魯萍 攝影：彭琮然
20100730-78,20100730,78,潮女群出捧新機林莉年失4iPhone瘋,潮女群出捧新機 林莉年失4iPhone瘋 蘋果iPhone4今日凌晨全面開售，鄭裕玲（嘟嘟）和林莉等昨晚出席派對，爭睹手機真身。iPhone之友林莉用過4部，自認大頭蝦一年內全部遺失，但依然鍾情iPhone多朋友；JessicaC.則踢爆男友為了新機，向她苦苦哀求。 林莉、周秀娜、JessicaC.、應采兒和曹敏莉等，昨晚在北角出席iPhone4派對。賭王三房長女何超雲原定出席，但公關指她因布力徑住所門外冧樹阻塞門口，令她不能出入，但記者曾到現場巡視，發現路面一切正常。 采兒鬧夫不知所謂 iPhone常客林莉表示大會會送贈一部iPhone4新機給她，更誇張地表示經常不見手機，她說：「我一年唔見咗4部3GiPhone，家有新機咪重新開始啦。我都係鍾意iPhone，因為多朋友，又可以玩多啲apps。」問她經常不見電話，私密照片豈非會外流？林莉說：「冇乜呢啲相，我做嘢時都會放低電話。」 應采兒昨晚到場時說：「我6月尾已經買咗一部iPhone4畀老公做禮物，1萬7千蚊！今日拎多部，拉勻冇咁貴。」陳小春前晚去完吳彥祖及LisaS.的婚宴後，在微博鬧一位「吳小姐」不知所謂，應采兒為他解畫說：「係咪講吳彥祖呀？」小春更用TMD，采兒邊笑邊鬧老公說：「即係他媽的，佢中文唔好，冇用動物嘅『牠』咩？佢好衰，人情又唔做，去到又猛飲人啲酒，不知所謂。」 鄭裕玲穿上藍色裙出現，她直認為新機才會那麼夜也出席活動，更由第一代iPhone到現時iPad都擁有，追貼潮物，更反問記者有否覺得她是潮人。 Jessica男友求送機 JessicaC.今日一日走三場活動，她說：「男友哀求我要買一部iPhone給他，我知好多人都好crazy，看他乖不乖啦，乖的話也會買。」她謂兩人同住，坦誠相對，絕不會偷查男友手機。採訪：梁錦雯 攝影：黃文成
20100730-79,20100730,79,廖碧兒咀陳豪冇口氣,廖碧兒咀陳豪冇口氣 廖碧兒（Bernice）昨晚到中環出席薄荷糖冰極檸檬破冰派對，她表示之前與馬國明在劇集《談情說案》有很多親嘴戲，是最多的一部。問她以往那個男對手口氣最臭？她說：「我屋企狗仔口氣最臭，因為佢哋食狗糧，其實同男對手拍親熱戲之前，會食薄荷糖、香口膠同埋先聞自己口氣。」 送糖人人有份 Bernice的緋聞男友陳豪經常飲咖啡，問到口氣會否很大？她只說：「唔知，但應該都會幾重，因為飲咖啡，之前我哋拍《妙手仁心》同《心花放》，佢都唔係飲咁多咖啡，拍咀戲都冇乜口氣。」那現實中咀陳豪又有否口氣？她即扮儍說：「唔知呀。」問到會否送薄荷糖給陳豪？她稱有機會個個都送。 採訪、攝影：王崇穎
20100730-80,20100730,80,Fiona情傷未癒灑淚,Fiona情傷未癒灑淚 薛凱琪（Fiona）和DearJane昨晚在九展擔任商台第二場「903idclub拉闊音樂擂台」的表演嘉賓，Fiona的母親都有來捧場，其兩位緋聞男友方大同和周柏豪、師弟周子揚、師妹連詩雅也有到場支持。 Fiona反串打扮與DearJane合組「DearFi」，四人穿上白西裝出場，Fiona以西裝配紅呔，十分有型。DearFi先唱出BackstreetBoys的《Aslongasyouloveme》打頭陣，之後各自唱出自己的歌曲，束起馬尾以男仔腔演繹《886》一曲的Fiona辣㷫全場。 「不想記起你」 此外，Fiona唱出其新作《字花》時自言是不懂同人分享內心世界的人，唱到激動位時她更忍不住落下淚來，場面感人。Fiona更有感而發說：「希望將首歌當作你，不想再記起你。」令人揣測她所指的是與房祖名的一段情。採訪：馬建華 攝影：仇志德
20100730-81,20100730,81,嘉穎向戴家派定心丸,嘉穎向戴家派定心丸 鄭嘉穎、黃浩然、朱凱婷、張嘉兒和何傲兒將於周日擔任「2010香港小姐競選決賽」表演嘉賓，昨晚眾人在將軍澳電視廣播城綵排，當晚他們會大鬥舞技。15位應屆港姐將獻花給歷屆15位港姐，藉此向15位前輩港姐致敬。 鄭嘉穎表示仍未有機會見今屆佳麗，故不知道她們質素如何。有指今屆港姐是非多，近日也是非纏身的他說：「屆屆都有，起人拍拖、住公屋，其實人人都有過去，冇乜出奇，家上網又易查到，所以要克服。」 對於日前過世的恩師戴思聰，其家人發聲明拒絕鄭嘉穎參加喪禮，嘉穎昨晚重申不會出席喪禮，並說：「暫時冇乜進展，唔想加添任何人煩惱，呢啲講心，適當時候先去，有心幾時去都得。」 採訪：何慧斯 攝影：葉君海
20100730-82,20100730,82,400親友賀一對新人吳彥祖、LisaS.禁微博放送婚宴,400親友賀一對新人 吳彥祖、LisaS.禁微博放送婚宴 吳彥祖和LisaS.今年4月在南非一個森林秘密結婚後，前晚在香港馬會補辦結婚派對，宴請約400名親朋出席。整個派對平靜而溫馨，一對新人一直牽着手滿場飛招呼朋友，會場入口還特別掛了一個牌寫上：「NO微博TONIGHT」提醒賓客不要把現場實況放上微博。 吳彥祖（Daniel）最近拍完杜琪峯執導的電影《單身男女》後，前晚他與新婚妻子LisaS.補辦西式婚宴，出席嘉賓包括方中信夫婦、陳小春夫婦、張達明、余文樂、王敏德夫婦、任達華、鄺敏慧、張震、余文樂、馮德倫、林建岳、廖碧兒及何超儀等，在港補擺婚宴後，下月中他們會往美國再擺酒，宴請男女家親友。 小春指摘吳姓女星 為了令前晚出席派對的演藝界朋友安心，Daniel在婚宴入口掛了一個告示牌，要求嘉賓不要將現場實況放上微博，大家都很守規矩，只有杜汶澤前晚將這個告示牌擺上微博。陳小春昨日下午才在微博表示：「昨晚party好甜美，還有昨晚才知吳先生原來不是台灣人。哈哈！但也碰到一位姓吳的，四個字送給她『不知所謂』，還說前輩。」不知前晚哪一位吳姓圈中女子開罪了他。 前晚結婚派對，所有賓客都斯斯文文與主人家聊天喝喝酒，完全沒有歌舞表演或玩新娘這些玩意，在10時許切完結婚蛋糕後，賓客也陸續散去。不過恭碩良、廿四味和連凱等就轉上另一層樓繼續玩，Daniel和太太上上落落招呼朋友。 中巴黑人朋友相伴 此外，中巴鄺敏慧盛裝到場，還有一黑人朋友全程貼身陪伴，二人匆匆入場，後來中巴出來接朋友，該黑人朋友也寸步不離。問到是否男友，中巴不情願地說：「普通朋友。」余文樂就表示日後結婚不會效法Daniel的婚禮，他說：「唔咁複雜呀，但再簡單啲，我見到都頭痛，未必請咁多人喇。」可會羨慕新人像神仙眷屬，樂仔說：「佢哋一齊好耐啦，我未有耐，唔係年紀問題，係未遇到。」張震則透露正忙拍《一代宗師》，並謂沒有追求目標。 採訪：張俊銘 攝影：陳慧安
20100730-83,20100730,83,田亮執床有一手,"田亮執床有一手 田亮和太太葉一茜昨日在北京出席「水星家紡．群星耀中國」慈善拍賣活動。二人與現場觀眾比拼整理床鋪，田亮跳水技高一籌，想不到他做家務也有板有眼，與太太默契十足地分工合作，主持人也讚兩人效率超高。田亮說：「自從有了小朋友，我心態不同了，豁達了很多，原本兩人的幸福就變成三份。」 抱枕8萬售出 現場舉行了慈善拍賣，兩人設計的抱枕底價為5,000人民幣，最終以8萬人民幣售出，全數撥捐青少年發展基金會。要數最搞笑是田亮被央視體育主持人韓喬生取笑發福了不少，令他甚尷尬。 採訪、攝影：陶然婷"
20100730-84,20100730,84,王菀之挑戰靚聲村姑,王菀之挑戰靚聲村姑 王菀之（Ivana）昨日到商台接受訪問，她表示將會推出音樂劇《柯迪夫》原聲大碟，當中她會翻唱靚聲村姑蘇珊博伊爾（SusanBoyle）的《IDreamaDream》。 擬重演《柯迪夫》 Ivana透露已有人提議重演《柯迪夫》，問她是否想再與張敬軒合作？她說：「如果再做《柯迪夫》就要同番軒仔，如果開新劇就可以飛起佢。不過，家最大問題係大家要度期，不過軒仔已經愛上咗做舞台劇，我估有得做佢都會做。」笑問軒仔有否愛上她，Ivana笑說：「佢只會愛上劇入面嘅我。」 採訪、攝影：李珮洳
20100730-85,20100730,85,夏娃兒：徐自賢三點式暴曬　驚變斑點咪,夏娃兒：徐自賢三點式暴曬　驚變斑點咪 於04年參選華裔小姐、有翻版常盤貴子之稱的徐自賢（Jessica），愛好運動熱愛行山、游泳，趁夏天頻頻出動，就算曬得一身鴛鴦色、吊帶印，Jessica亦在所不計。 一身陽光氣息的徐自賢一邊說怕曬出雀斑，一邊穿上三點式享受猛烈陽光照耀，Jessica說：「我唔怕曬，係怕出雀斑，膊頭曬出嚟嘅印都係上星期行山，因為着背心曬過頭所致，但係我唔介意。」 尋覓負責任男人 現主攻拍攝電影及擔任娛樂新聞主持，早前更演出亞視重頭劇《法網群英》，現年26歲的Jessica自言仍屬單身，還未覓得對象拍拖，希望有緣人早日出現，她說：「男仔最緊要負責任，不拘小節，我會睇對方性格多過其他，不過暫時未遇到。」Jessica表示，享受工作，亦希望雙方有自己的事業發展，暫不急於嫁人做少奶奶。 Jessica最近與陳小春、譚俊彥合作拍攝一部驚慄片，Jessica笑指因為拍攝後才會配上後期製作，很不習慣在拍攝時對着空氣演戲，幸好有小春、譚俊彥等演員指導，在不斷學習中完成工作。 採訪：張俊銘　攝影：葉君海
20100730-86,20100730,86,大讚浪漫又細心GiGi瘋遊墨西哥難忘法國男友,大讚浪漫又細心 GiGi瘋遊墨西哥難忘法國男友 梁詠琪（GiGi）3個月前宣佈與法國男友分手，其後她夥同主持洪永城到墨西哥拍攝旅遊特輯，睇筋肉人打摔角又瘋吃瘋玩。洪永城昨笑指GiGi或因甩拖豁出去，表現真又放，且爆她曾在旅途中讚法國人浪漫及細心。看來GiGi對這段已逝情緣，依然戀棧。 梁詠琪今年5月與法國男友Sly結束4年情，之後她遠赴墨西哥半個月拍攝now香港（100台）旅遊節目《一個地球》，跟拍檔洪永城（Tony）嘗盡當地衣、食、住、行，既着傳統墨西哥裝束玩樂器，又坐甲蟲的士捐窿捐罅四圍玩，更見識了當地著名的蒙面摔角。 拒獻吻救拍檔 今次Tony入鄉隨俗扮騎呢摔角手，着白色貼身褲加紅色三角褲外穿，造型爆笑，被GiGi取笑大肚腩。不過他依然勁勇，與筋肉人摔角手Shocker打友誼賽，結果被對手壓扁，筋肉人要求GiGi獻吻以解救Tony，她卻搞笑說︰「我同佢唔熟o架。」鏡頭前一場鬧劇，鏡頭後她深明摔角手之路甚難行，就如Tony接受半日訓練已周身傷，GiGi不禁說︰「摔角手同做藝人一樣，成名冇捷徑，要靠運數又要講實力，仲要有發自內心敬業樂業嘅精神。」 豁出去玩到盡 GiGi甩拖未幾便展開墨西哥之旅，Tony昨大讚她專業及投入，表現可媲美旅遊節目主持，他在電話中說：「我都聽過佢同男友分手，我哋又冇特別傾呢個問題，可能佢甩拖，又喺外地拍嘢嘅關係，個人特別放，豁出去玩到盡。不過我哋傾開墨西哥人同法國人嘅分別時，佢有講墨西哥人內斂啲，法國人就好浪漫，好細心，會讚女朋友。」 Tony指GiGi於拍攝過程中很主動，譬如要拍潛水便四處問人借潛水衣，絕對可跟他搶主持飯碗。此行後兩人已成好友，Tony笑說：「佢真係幾好，可惜我有女朋友啦。」 採訪：葉雪
20100730-87,20100730,87,"Wyman搶先着mercibeaucoup,　提早過聖誕","Wyman搶先着mercibeaucoup,　提早過聖誕 今年秋冬，充滿歡樂的mercibeaucoup,以花為主題，並與芬蘭聖誕元素融合，為大家帶來快樂的秋冬設計。早前的時裝秀共展出24套由日本專程運抵的mercibeaucoup,最新男女裝服飾，設計師宇津木更親臨香港，一眾品牌粉絲劉心悠、農夫、黃偉文、朱薰、Anjaylia及Evelyn均穿上新款時裝到場，場面熱鬧墟冚。 「天天都是聖誕節」 mercibeaucoup,在系列中遍佈大大小小不同顏色的立體花朵裝飾，設計師宇津木更把芬蘭的聖誕老人村、北極光、雪狼、鹿子、雪花圖案等元素幻化成服裝上的搶眼細節，希望大家有「天天都是聖誕節」的感覺。 帶你走進歡樂的時裝角度 打頭陣的是一連數套以重複鹿子圖案為主的服飾，起角黑底黃色鹿子連身衣、波點黑白zip-upjacket配上藍白色鹿子圖案窄腳低襠褲，模特兒化身成可愛活潑的鹿子在你身邊走過；接着模特兒換上誇張的夾棉饅頭狀帽子配上不同的紅、白、黑格子紋外套及紅白橫條褲子出場，令場內立時遍佈聖誕蹤迹；其後多種顏色及圖案的mix&match，營造出聖誕的節日快樂氣氛！來到時裝秀尾聲，鹿子圖案冷外套、夾棉饅頭狀帽子、格子低襠褲、花花飾物等再一次過出現眼前，為是次時裝秀畫出完美句號，讓一眾來賓沉醉於宇津木的無限創意空間及歡樂世界！ 銅鑼灣百德新街66號 28082789"
20100730-88,20100730,88,吳浩康為莊思明打氣,吳浩康為莊思明打氣 吳浩康和鍾舒漫昨日接受網上電視台訪問，宣傳兩人有份演出的電影《綫人》。吳浩康在片中扮演悍匪，但他自爆拍攝時經常忍不住笑，他說：「因為仲有金剛喺度拍，佢成日搞到我笑唔停。」 讚成熟了不少 對於女友莊思敏的妹妹莊思明後日競選港姐，雖然吳浩康到時在上海拍攝偶像劇，但仍會力撐她。有指莊思明只屬陪跑，吳浩康說：「咁參加比賽，任何人都係陪跑，都係睇當晚表現，佢參加後談吐都成熟咗好多。」 鍾舒漫日內推出其第五張專輯，但她自言抱平常心，不會給自己太大壓力。她又很感激吳浩康為她作了首歌，還讚吳浩康十分痛錫她這位「細佬」。 採訪、攝影：馬建華
20100730-89,20100730,89,吳京以身護花免受傷張靜初盲拳狂揪變種人,吳京以身護花免受傷 張靜初盲拳狂揪變種人 內地女星張靜初主演的《唐山大地震》在內地上映7日已收過2億票房，在香港截至前日亦收550萬，成績相當理想，她開心之餘，同時也希望另一部由她主演的《全城戒備》在下月中上映時一樣賣座，戲中的她初次演打女，幸好有吳京貼身保護及教導，令她打得有板有眼。 陳木勝執導、郭富城、舒淇、吳京與張靜初主演的《全城戒備》將於下月12日在中港兩地上映，投資該片的寰宇公司今次也落足本在內地加強宣傳，希望影片在內地衝破1億元票房，其實張靜初憑着《唐山大地震》早已成為2億票房女星，今次她一改柔弱形象，演武功高強的打女，戲中她跟隨吳京一起捉拿變種人。 初演打戲緊張 對張靜初而言演動作場面有一定難度，因為她並沒有功夫底子，不過吳京對她也是頗照顧，兩人正式埋位時，吳京會在現場指點，張靜初很感激說：「跟他拍動作戲我很放心，因為遇上意外，他就第一時間擋着我，免我受傷，遇上動作難題，他又會教我怎樣避重就輕。」 張靜初續說：「今次對我最大挑戰是拍動作戲，真的沒有試過，每次導演和動作指導設計完武打動作給我，總會令我很緊張，不知自己能否做得到。」 導演真情流露 首次與陳木勝合作拍戲，張靜初覺得導演原來是性情中人，她表示：「當初是劇本的感情線令我很感動，但想不到導演也是個感情豐富的人，有場戲是說我和吳京即將要分離，正式拍攝前，導演先跟我對戲，還親身代吳京念對白，想不到他念到眼睛通紅，我們當時嚇呆了，而配音時我重溫那段戲，還是令我感到難過，相信觀眾看後也為之感動。」 撰文：葉雪
20100730-90,20100730,90,莫文蔚扭籮鬥Swing,莫文蔚扭籮鬥Swing 莫文蔚（Karen）與組合Swing前晚在九展演出商台的「903idclub拉闊音樂擂台」，Karen不停換衫，又邊唱歌邊在鋼琴上扭來扭去，又翻又爬騷味十足，她又唱MJ歌曲，大跳moonwalk。Swing更帶動觀眾大叫「Karen剝」，她將頸上羽毛除下，掛在Eric的脖子上。後來Swing換短褲出場與Karen鬥長腿，兩男將褲管摺高，直到大腿被箍緊，Jerald笑謂：「再摺冇血行o架喇。」Karen取笑Eric甲組腳，台下的陳奕迅及梁漢文等即湧到台前拍照。 寸葉佩雯肥 Swing唱《LikeaVirgin》時，將歌詞改成「你很肥，但我仍愛你。」的意思，Jerald笑謂是Eric送給台下女友葉佩雯的，事後Eric補鑊表示女友很可愛，只想她減肥可快點出來見人。Jerald大讚Karen性感得令人不敢直視。 採訪：馬建華 攝影：黃文成
20100730-91,20100730,91,衞蘭扮成熟開騷,衞蘭扮成熟開騷 衞蘭（Janice）近日積極籌備10月的個唱，繼去年推出了大賣的精選碟後，Janice今年亦會推出全新專輯，並邀請了多位著名音樂人合作，當中包括與她合作無間的雷頌德，還有黃偉文Wyman和黃仲凱等。由於Janice去年無論在事業、家庭和感情上都經歷了不少，所以今次新碟在唱腔及感情表達方面，會比以前成熟。 向哥哥家駒致敬 早前Janice為「MOOVLive」表演，並請來單立文做bandleader，Janice一口氣唱出多首歌曲，又與同門師弟李治廷合唱，令歌迷聽出耳油。而Janice一直都十分欣賞黃家駒和張國榮，所以在音樂會上亦選擇唱出《情人》和《為你鍾情》等向哥哥及家駒致敬，她更感觸得熱淚盈眶。 撰文：林妃
20100730-92,20100730,92,黃婉曼變廣告女神,黃婉曼變廣告女神 天氣女神黃婉曼昨日到觀塘為一商場拍攝廣告，大會安排了三位小朋友及日本男模特兒與她一起拍攝，務求營造出樂敍天倫的感覺。據知黃婉曼今次收到的酬勞逾十萬，她透露之前已接拍了兩個廣告，問她會否考慮拍電影？她說：「拍乜嘢先？喺戲入邊做番天氣女郎，如果係搵我做主持我會答應，拍戲就未必啦。」 等收10卡鑽戒 此外問到黃婉曼有沒有結婚打算？她笑言：「我同男朋友都未有呢個打算，男朋友又冇提出又冇求婚，佢仲未買到10卡鑽戒，不過10卡都係講吓笑啫，咁大粒都戴唔到上手。」 採訪、攝影：李珮洳
20100730-93,20100730,93,馮仁昭四圍超：萬寧妹妹人多嘴扁扁 - 馮仁昭,馮仁昭四圍超：萬寧妹妹人多嘴扁扁 - 馮仁昭 萬寧妹妹王允祈同曾參演《殺人犯》嘅譚真一噚日到油塘一間學校出席「有朋自北川來HappyTeeTime」活動，有廿幾個嚟自四川地震災區嘅北川中學生嚟做交流。譚真一出場時拖住王允祈，不過王允祈可能見到太多人，突然扭計，仲成日扁嘴想喊咁，要媽咪同司儀阮小儀佢先至識笑。 見小新識笑 王允祈仲要畫公仔，再由北川嘅同學寫出佢所畫公仔嘅英文字，相反一哥譚真一就一啲都唔怯場，表情多多之餘又用英文同北川嘅同學溝通。由於今次嘅活動係同日本卡通人物蠟筆小新crossover，所以大會安排咗蠟筆小新卡通人物同班學生影合照，王允祈見到蠟筆小新即時開心番。 事後小儀話女仔係比較怕醜同難控制，佢仲話希望將來生兩個小朋友，但暫時同男友未有結婚打算，佢講笑話到時生得出先算，不過佢一定唔會未婚產子，因為怕男友唔認數。小儀仲大讚拍檔森美兩個仔女都好乖好有禮貌，把口絕對唔似森美咁。
20100730-94,20100730,94,馮仁昭四圍超：孫紅雷姚晨加入《非誠勿擾2》 - 馮仁昭,馮仁昭四圍超：孫紅雷姚晨加入《非誠勿擾2》 - 馮仁昭 馮小剛套《唐山大地震》啱啱做完宣傳，佢另一部片《非誠勿擾2》今日就會喺內地三亞開鏡，由於要趕喺年底上映，所以行程咁緊密。馮導話故事會承接番上集，講葛優同舒淇喺北海道返嚟之後，兩人分開又復合嘅故事，佢話今集會加入孫紅雷同姚晨，分別做兩個主角嘅好朋友，佢兩個今次係自電視劇《潛伏》後再合作。
20100730-95,20100730,95,馮仁昭四圍超：港台資深DJ陳浩才逝世 - 馮仁昭,馮仁昭四圍超：港台資深DJ陳浩才逝世 - 馮仁昭 為港台第四台主持《醉人音樂》節目長達50年嘅陳浩才本周二逝世，享年75歲。陳浩才來頭不小，早已經搞音樂同音響雜誌，仲係《音響技術》月刊嘅創辦人，92年獲香港藝術家聯盟頒發「藝術推廣（個人）年獎」、00年獲頒「榮譽勳章」。對於陳浩才嘅離世，港台噚日就發新聞稿表示深切哀悼，仲會推出一連串節目紀念佢，好似陳浩才臨終前預錄嘅三集節目，會喺下月14、21同28日播出，而10月四台同香港管弦樂團合辦嘅兩場《醉人音樂五十年》特備音樂會上就會重溫陳過去50年來嘅音樂歲月。
20100730-96,20100730,96,公開戀情　自詡賢淑龔嘉欣恨做鄧健泓煮飯婆,公開戀情　自詡賢淑 龔嘉欣恨做鄧健泓煮飯婆 龔嘉欣由主持節目成功跳入劇組，經常擔演妹仔角色看似刁蠻公主，螢幕背後她堅持自己是宅女，簡單為樂，閒來會在家花費時間鑽研廚藝，最近與鄧健泓蜜運的她，力銷自己將來必定是好家庭主婦。 龔嘉欣在早前無綫黃金時段劇集接連有份參與演出，包括《情越雙白線》及《蒲松齡》，成功跳進劇組，由《東張西望》主持融入觀眾，有機會拍攝電影《翡翠明珠》與蔡卓妍合作，一同飾演公主角色，還有馬賽、沈卓盈、陳美詩等柴娃娃開工。 認傳統已見家長 龔嘉欣絕少有夜蒲的消息，她直言性格似宅女，閒時多留在家中上網，還鍛煉得一手好廚藝，最拿手炮製甜品，這些豈不是冧仔好招數，龔嘉欣說：「情趣嚟，煮飯煲湯都係由細到大跟嫲嫲學，我好傳統，結咗婚後都煮飯畀老公同仔女食，要做家庭主婦，但講到結婚就未有咁快。」前日承認戀上鄧健泓的她，看來有服侍對象了，男友比她年長16年，龔嘉欣大讚男友愛錫她，並表示已見過男方的家人。 談到工作，雖然龔嘉欣曝光機會不乏，但論拍劇經驗則尚淺，大多擔演少女、細妹之類的角色，龔嘉欣笑說：「做妹妹角色都有好處，就係多人錫，次次放飯輪住請食，輪到我最細，個個都話唔使我，我都慶幸可以做人哋妹妹。」 性格爽直唔刁蠻 龔嘉欣未來希望有重大轉變，能夠以男仔頭現身，她說：「我最想飾演警察，唔介意男人婆造型，因為我本身性格都好爽直，唔係電視角色咁刁蠻公主，不過暫時未有機會發揮畀大家睇。」 採訪：卓寶花 攝影：陳俊強
20100730-97,20100730,97,Swing晒事業線谷碟,Swing晒事業線谷碟 組合Swing下周推出全新EP《電》，繼上次在《武當》大玩復古武俠造型後，今次兩位成員郭偉亮（Eric）及陳哲廬（Jerald）再挑戰「性感」造型，赤裸上陣拍攝封面照，一向勤力的Swing拍照時，更抵死地效法o靚模擺甫士，扮有型及害羞，搞笑非常。成員Jerald說：「我比較懶，冇時間操fit自己，我見嗰啲model擺甫士就影得好靚，我都想學一學，可能有奇蹟喺我身上呢。」 笑Jerald肉鬆 Eric則笑說：「好彩我一向有打羽毛球同做運動，肯定冇Jerald咁白雪雪同埋肉地鬆弛。」他又大讚自己的鎖骨好看，拍得住張曼玉。埋位時，Swing輕輕一谷露出事業線，相片之後會作加工，在二人頭上加上大自然走獸及變成黑人，效果猶如黑人版的阿凡達。 撰文：林妃
20100730-98,20100730,98,N.Hoolywood打出最型一仗,N.Hoolywood打出最型一仗 FW10系列─Mainline 今季的設計靈感─“COVERAGE”概念來自60、70年代的越南戰爭，設計師將戰爭當作服飾設計主題，除了融合時裝及軍事details外，顏色方面也以深藍、卡其及迷彩色調為主，更加入特種部隊DIY的軍服色彩。除了於褸袋以up-side-down的方式打造今季大熱的細節位外，設計師亦於系列中注入越戰時期著名的junglejacket、西裝褸恤衫、軍人cargopants等，呈現出N.Hoolywood獨有的軍事風格。 FW10系列─CompileLine 主打設計概念，將西方及印第安人的衣着特色注入系列一貫高貴而簡約的設計中，效果令人驚喜萬分。可見服裝上的細節如將patchwork加入西褲設計、印第安人服飾上的百褶直間亦加入恤衫上，把民族色彩細緻及簡約地融入CompileLine。 尖沙咀港威商場G104專門店 27360030
20100730-99,20100730,99,訓示後輩要開放薛凱琪教師弟妹扮靚七情上面,訓示後輩要開放 薛凱琪教師弟妹扮靚七情上面 薛凱琪（Fiona）上月被偷拍在家中穿內褲的照片，照片曝光後她情緒大受打擊，連日來除了工作，都躲在家中，不過幸得身邊不少好友安慰，加上公司同事支持，令她從陰霾中走出來，日前更相約師弟妹周子揚和連詩雅逛街，Fiona更大師姐上身即場擔任兩人的形象指導，聽得師弟妹頻頻點頭附和。 薛凱琪下月29歲牛一，她上月因被偷拍到在寓所內穿內褲的照片，就連母親也殃及池魚被偷拍，事件令她大受打擊，連日來沒工作的日子都刻意收埋自己在家，就連女人最愛的shopping都放棄。 先睇化妝品 幸好Fiona有身邊好友的安慰，Fiona終從陰霾中走出來，日前更相約師弟周子揚和師妹連詩雅到中環ifc逛街嘆茶，只見Fiona與他們言談甚歡，全程笑容滿臉，似乎心情已回復過來。 日前Fiona和周子揚及連詩雅現身ifc，周子揚和連詩雅先到達化妝品專櫃，兩人對各種化妝品表現得甚為好奇，其後到場的Fiona在旁指導二人化妝的心得，緊接三人又到附近看衣飾，Fiona也即時大師姐上身擔任兩人的形象指導，周子揚和連詩雅看似大表認同，不時點頭附和。 三人行到疲倦時轉到咖啡店聊天，原本氣氛十分輕鬆，但只見Fiona樣子忽然變得嚴肅，不時向周子揚和連詩雅指手畫腳，似乎在訓示他們一樣。 嫌師弟怕醜 記者上前訪問，周子揚主動說：「師姐教我哋買衫化妝。」Fiona補充說：「遲啲我哋都要出碟，咪一齊揀衫囉。始終我比較有經驗啲，間中都會指點佢哋形象上嘅嘢，好似師妹個樣好靚，又高又瘦，外形上完全冇問題，師弟外形都好好，十足十韓星，不過就係怕醜啲，唔夠放，所以我成日話佢好蝕底。」 採訪：王連連 攝影：黃文偉
20100730-100,20100730,100,吳宇森《建黨偉業》過總統癮,吳宇森《建黨偉業》過總統癮 主旋律電影《建黨偉業》導演之一的韓三平，日前透露吳宇森已正式簽約，成為電影首位簽下的演員，他更擔保上次拍《建國大業》時，因為片長而全刪吳宇森戲份的情形絕不會出現。 韓三平透露今次《建》片將繼續採用全明星制，陣容和《建國大業》一樣強大。粉墨登場的吳宇森此次會飾演林森，一名曾代行國民黨大總統職權的人物，韓三平又說：「除此之外，一班風雲人物毛澤東、陳獨秀、孫中山、宋慶齡、列寧、蔣介石、袁世凱等歷史人物都會出現。」《建》片在下月中開拍，將在北京、上海、巴黎和莫斯科等地取景。 採訪：陶然婷
20100730-101,20100730,101,羽翹美白變黑Girl,羽翹美白變黑Girl 羽翹日前為美白護膚品HABA拍攝電視廣告，廣告商有鑑於羽翹近期在網上介紹其產品後銷量激增，故再找她拍攝延續篇。拍廣告當日，羽翹在大光燈照射下，雙眼感到不適及出現紅筋，要即時滴眼藥水及閉目休息。 元凶大光燈 完成廣告拍攝後，羽翹發現被大光燈弄至皮膚變黑，返家後媽媽還以為她去了曬太陽，現時要用美白產品急救皮膚。羽翹一向對美容方面有研究，平日與媽媽像兩姊妹般分享護膚品，有機會更希望兩母女一起拍廣告。撰文：林妃
20100730-102,20100730,102,麥玲玲打花章趕麻雀鬼,麥玲玲打花章趕麻雀鬼 玄學家司徒法正早前走訪世界各地，為無綫生活台拍攝全新節目《詭異檔案》，會與主持梁嘉琪追查各種怪事，提供避免靈界騷擾的小貼士，又會邀請名人嘉賓分享靈異經歷，首集嘉賓便請來同是玄學家的麥玲玲。 睇風水嚇到面青 麥玲玲認同賭場的鬼比墳場更多，她說：「有時打麻雀，會感受到麻雀鬼喺身邊轉嚟轉去，仲會周身唔聚財，打好耐都食唔到糊。」之後老公教她「打花章」（將牌亂排）趕麻雀鬼，結果真的贏出。 玲玲又謂曾與師兄弟到樓盤看風水，明明戶主說是男性，但敲門後戶主卻變成小孩聲，她說：「我同班師兄弟嚇到面青，佢哋仲呃我話鬼唔搞女人，叫我入去先，真係冇風度。」 撰文：林妃
20100730-103,20100730,103,重返校園勾心動回憶江若琳玩跟蹤仔,重返校園勾心動回憶 江若琳玩跟蹤仔 少爺占三年前在江若琳（Elanne）的歌曲《傻豬》MV中做男主角，遺憾未能跟Elanne演親暱鏡頭。日前少爺占邀約Elanne擔任野仔新歌MV女主角，可惜導演又找來靚仔Domanic任男主角，連一個跟Elanne演對手戲的鏡頭也沒有，令他也感嘆與Elanne有緣無份。 以往「中學生應否談戀愛」是師生不時討論的問題，有見及此樂隊野仔認為是時候下定案便推出新歌《中學生應該談戀愛》，他們拍攝MV時更邀得時下中學生夢中女神之一的江若琳做MV女主角，少爺占透露今次是Elanne是時候還情債，因為江若琳剛出道時邀請他任《傻豬》MV男主角。談到會否有親熱鏡頭，少爺占頓時垂頭喪氣地表示跟Elanne又沒緣份，因為MV男主角是Bro5成員Domanic。 被追問情史 未知是否未能跟Elanne演對手戲，埋位前少爺占不停查問Elanne讀書時的感情史，令Elanne非常尷尬，又坦言今次還人情債代價真大，Elanne說：「讀書時我係肥妹仔一名，有暗戀過男仔，但冇做主動，只係跟佢坐同一班車偷望，呢段暗戀維持咗幾個月。」 野仔成員中惟獨少爺占是讀男女校，其餘四人均是男校出身，他們笑言讀書時最期待是聯校活動，有機會跟其他學校的女生接觸。 少爺占透露中學時拍拖，很多時自己的女友曾經跟其他男同學拍過拖，俗語像閉門一家親般，因社交圈子細，少爺占絕對支持中學生應該談戀愛。 採訪：馬建華 攝影：仇志德
20100730-104,20100730,104,陳自瑤恨嫁狂銀,陳自瑤恨嫁狂銀 陳自瑤（YoYo）早前行婚紗騷，雖然首次在天橋上穿婚紗展美態，但她表現淡定，充份散發待嫁新娘子的喜悅心情。 小島行婚禮 YoYo與無綫男藝員王浩信感情穩定，但為了事業更上一層樓，二人協議多努力銀才考慮結婚。性格爽朗的YoYo坦言穿上婚紗的一刻有恨嫁感覺，她日前說：「其實個個女仔着住婚紗嗰陣時，都會有想嫁嘅衝動，但做完嘢換返衫，我又平靜番啦！」 問到YoYo將來的夢想婚禮會是怎樣的安排？她說：「我想喺海灘小島度舉行，我鍾意陽光同海灘，至於婚紗設計，我鍾意一啲飄逸感覺嘅，最好似仙女咁。」採訪：比華利
20100730-105,20100730,105,饒珮君舞台玩碟仙,饒珮君舞台玩碟仙 亞姐出身的饒珮君近年經營舞蹈學校，每年她都會安排學員作大型表演，以吸取舞台經驗。今年也不例外，饒珮君與學員下月6至8日會到香港理工學院賽馬會綜藝館演出，近日師生正積極進行綵排。 一邊跳一邊轉 今次的表演名為《天仙珮》，師生會古裝上陣作歌舞滙演，部份門票收益更會捐作慈善用途。饒珮君連日與學生緊密綵排，她日前說：「小朋友對於古裝扮相好有興趣，佢哋有啲要學一邊跳舞，一邊玩轉碟，由於大家都係啱啱學，好蝦碌吓，我要佢哋再勤力啲練習，上到台演出先至唔會甩漏。」採訪：比華利
20100730-106,20100730,106,吳尊覓老實情人心儀阿Sa,吳尊覓老實情人心儀阿Sa 生於汶萊一個富裕家庭，擁有一張俊臉，是上天對他特別眷顧？現年30歲的吳尊，事業上仍在拼搏，愛情路上仍在尋覓。他表示着重女生的內涵多於美貌，並開出另一半的首要條件：「最重要對我老實。」又坦言欣賞蔡卓妍的孝順和善良，覺得她是個理想情人。 飛輪海成員吳尊近日為代言的護膚品牌Pond's來港宣傳，一向白淨的他更曬得一身健康膚色，他日前以廣東話說：「呢排我同楊丞琳喺沖繩拍劇，我都鍾意陽光膚色。」 指飛輪海不會拆夥 入行後，吳尊每次拍劇幾乎都有緋聞，包括S.H.E.的Ella、蔡卓妍（阿Sa）、林依晨和張韶涵等，對這班舊拍檔，吳尊讚不絕口：「大部份都幾好呀。」他指女生最重要乾淨，內涵重於外表，他說：「最緊要對我老實、心地善良同負責任。」那傳過緋聞的阿Sa又是否他那杯茶？他笑說：「都OK呀，家都好好朋友，有聯絡，佢好易相處，好孝順。」阿Sa是否符合其擇偶條件？他說：「差唔多，佢個人好nice。」 很多粉絲都關注吳尊的婚姻大事，但他覺得還是順其自然好：「呢個好難，做嘢冇時間。」一個人會否很寂寞？他即指着同事笑說：「唔會，我身邊好多人，之前有諗過35歲前結婚，但好難講。」他慶幸姐姐、哥哥已為父親帶來孫兒，所以就算心裏催促他生孩子，也不會說出來。 一直盛傳飛輪海約滿後會拆夥，吳尊大派定心丸說：「唔會分開，我哋專輯一向一齊做，拍戲可能會一個。」 採訪：溫敏芝 攝影：仇志德 場地提供：喜來登酒店貴賓樓層CornerSuite
20100730-107,20100730,107,密謀Shine10周年復合徐天佑歌壇失意做文學偵探,密謀Shine10周年復合 徐天佑歌壇失意做文學偵探 自從二人男子組合Shine拆夥後，成員之一的徐天佑似乎甚少曝光，原來天佑企圖另謀創作出路，近年積極鑽研寫作，最近更推出懸疑小說系列，又編寫劇本，銳意成為導演編劇。 徐天佑與黃又南於01年組成男子組合Shine，在翌年更在叱咤樂壇頒獎禮一口氣奪得組合金獎及生力軍組合金獎，往後數年因為發展停滯不前，組合於07年宣佈拆夥。天佑現時專注拍攝電影，更計劃轉戰幕後，尋求多方面發展，最近執筆編寫懸疑小說《麻生．尋鬼記》，新書在早前的書展推出，天佑表示會繼續編寫該系列小說，暫時未決定撰寫多少篇。 製作新書一腳踢 天佑日前說：「我讀書唔係好叻，文筆方面係生手，所以寫小說對我嚟講係有壓力，好彩有個同學係中文老師，所以經常會問佢意見。」天佑表示，新書製作一腳踢，無論撰文、印刷以至拍攝封面，也是親力親為，他說：「個封面原先唔諗住用相，但係朋友建議，話我第一次出書，一定要俾人留意到係我自己寫，所以建議我用自己個樣，最終就問朋友借影樓自己影。」 寫黑色幽默劇本 除了做小說作家，天佑現時更專注寫劇本，他透露，早前在影展中遇到彭浩翔，兩人一拍即合，天佑說：「我不嬲有寫劇本，今次劇本係黑色幽默，自己或者會做埋導演，預計下年開拍。」天佑自言現在工作範圍廣，也有做電子音樂，對於Shine有否機會復合重生，天佑笑說：「腦海中諗唔到個畫面係點，但係有諗過2012年，即係10周年可能有呢個機會。」 採訪、攝影：張俊銘
20100730-108,20100730,108,金牌新人四合一鬥靚聲,金牌新人四合一鬥靚聲 金牌大風唱片公司新人陳思彤（Vivi）與張蓮（Linn）將聯同公司兩位歌手李悅君及王若琪推出新專輯，四位風格不同的歌手會每人灌錄兩首作品，預計下月推出。 日前Vivi跟Linn接受訪問，她們絕不擔心四人錄一碟會有比較，Vivi覺得一碟中收錄不同聲音，更能突出自己個人風格，她今次會以靜態音樂為主，國語及廣東歌各一首。談到跟上次推出整張個人大碟比較，她承認難度更高。 Sa爸發掘新星 先後在北京及廣州當酒吧歌手的Linn，機緣巧合下在廣州獲蔡卓妍（阿Sa）爸爸及陳輝虹發掘，並簽為歌手帶來香港，Linn說：「起初還半信半疑，從沒有想過有機會來港發展，也期望在有影響力的香港有所成績。」 採訪：馬建華　攝影：林德雄
20100730-109,20100730,109,DPTY系列第5擊double-parkxFingercroxxxMLB聯名單品　火熱登場,"DPTY系列第5擊 double-parkxFingercroxxxMLB聯名單品　火熱登場 過往曾多次與不同streetfashion品牌合作的Fingercroxx，於第五回聯名企劃與MLB合作推出極具美國風格的單品。MLB服飾設計靈感源自美國人所熱愛的棒球運動，結合街頭服的精神作為主要元素，同時將設計重點集中於著名球會紐約洋基隊(NewYorkYankees)當中。合作單品包括2款，黑、白色的PrintTee及棒球帽均印上棒球員揮動棒球的剪影，最底則以金色字體DPTYDOUBLEPARKTENYEARS2000/2010點題，設計簡單突出，洋溢着街頭氣息與運動風格。Tee款背部則印上14隊美國棒球隊的logo，高調地帶出美國職業棒球隊的吸引力。 double-parkxFingercroxxxMLBTee$359 DPTY產品將於8月7日抵達全線Fingercroxx、double-park及EXITbydouble-park專門店。(限量發售) fingercroxx 官塘APM創紀之城五期15,17&19號舖 3148-1062"
20100730-110,20100730,110,網友熱尋36C寶貝,網友熱尋36C寶貝 現年20歲的內地女星馬伊娜早前亮相內地電視相親節目《非誠勿擾》後，即被內地網友瘋狂搜索，網上流傳她的浴室性感照，當中若隱若現的浴衣，大大展現其事業線，成為網友熱烈轉載的圖片。 馬伊娜當中最大的賣點自然是36C、25、36三圍，故此她一直毫不吝嗇炫耀。不過，有內地人對這類相親節目變質成為鼓勵販賣性感頗有微言，但由於節目收視好，相信製作人都懶理。 撰文：林妃
20100730-111,20100730,111,月前車禍斷5條肋骨葉梁美蘭傷癒復出大降Cup,月前車禍斷5條肋骨 葉梁美蘭傷癒復出大降Cup 行會成員葉維義的太太葉梁美蘭（Mira），上月底在西班牙炒車，斷了五條肋骨，留醫多時。她昨晚意外後，首度出現，身材上圍大縮水，似被拆彈；仍未康復要坐住瞓的她，自爆患上創傷後遺症，恐懼密室及黑暗，揚言不敢掂車。 鄭裕彤、何超瓊、鄭詩韻和夫婿陳鴻業、周啟邦兒子周國豐等，昨晚在尖沙嘴出席周大福新店開幕。上月在西班牙撞車的葉梁美蘭，休養一個月後首次出現，她當日在巴塞隆拿練習賽車時發生意外，在二百幾咪下撞倒翻車，車頂車門飛脫，她的五條肋骨折斷，留醫多時。 夜晚坐着瞓 Mira穿上Versace新裝，面色不錯，但略為消瘦，上圍更大縮水，她透露月初返港，現時仍未康復，她說：「我家有密室恐懼症，因為撞車時係清醒，架車壓扁，喺入面由光變暗，我家好驚黑房、坐飛機同冇燈嘅地方，仲要食情緒安定嘅藥。」她謂因受內傷，毋須做大手術，但現時要繼續做物理治療，夜晚只能坐着瞓，更要食大量鈣、牛骨湯補充鈣質。 Mira說：「我家仲要睇心理醫生，係創傷後遺症，今次意外殺傷力好大，我都唔敢掂車。老公緊張之餘，仲好嬲，因為佢好肉痛我。」她指葉維義因要開會，只來探望一次6小時，但留下私家看護給她，女兒又帶西班牙朋友幫她做繙譯，Mira回想在西班牙小鎮留院的日子，依然心驚驚說：「有冇睇過《歲月神偷》？嗰度啲醫院就係咁，嗌極都冇人理你。」 稱冇戴PushBra 意外前Mira曾默認上圍加工，昨晚見她身材扁平，林志玲當年墮馬傳出爆矽袋，問Mira可是撞車撞扁，她說：「我瘦咗5磅，今晚冇戴pushbra啫，我唔係撞扁，家咁多DEF，我咪正常啲好囉。」 採訪：RitaLeung 攝影：PangChungYin
20100730-112,20100730,112,MandyLieu儲彈藥出寫真,MandyLieu儲彈藥出寫真 女模MandyLieu昨日在上環信德出席商場活動，她透露將到上海一星期，為內地男星佟大為拍攝MV，令她十分期待，她說：「今次係搭廠景，係舊上海嘅風貌，好靚啊！」不過她直認未聽過佟大為的歌。 近期o靚模寫真當旺，MandyLieu這類時尚模特兒，工作量大減，她謂沒興趣拍寫真，她說：「有人叫過我出，不過未有主題之前，都唔會諗。我想有多啲經歷、文字concept做好啲，先會考慮。」她不想效法o靚模以身體做主題，她說：「我想要更多元素。」 採訪、攝影：IngridChan
20100730-113,20100730,113,拜恩讚章子怡有腦,拜恩讚章子怡有腦 章子怡之前因詐捐門事件惹禍，她之後都努力做公益，成功挽救形象。章子怡前晚在上海，出席美國NBA湖人巨星高比拜恩（KobeBryant）的「2010年中國慈善行─為世博志願者加油」慈善晚會，拜恩因為飛機航班延誤，遲了5小時才到達。 章子怡在台上唱歌表演助興，清唱一曲《愛的代價》，同場世博宣傳部更授予她「世博宣傳形象大使」，她說：「每次做公益，是我人生路途上的新的鞭策，我會努力做得更好。」 主動打招呼 拜恩到場後，與章子怡及30位世博志願者拍照，又幫他們簽名，拜恩自爆曾經在電影《夜宴》首映上，主動跑去跟章子怡打招呼，前晚他大讚章子怡說：「我非常欣賞章子怡，她很美麗、善良也有智慧。」 撰文：DebbieLum
20100730-114,20100730,114,曾愷玹與蝴蝶為敵,曾愷玹與蝴蝶為敵 台灣女星曾愷玹最近為意大利名牌BottegaVeneta示範秋冬季新裝，今季BV熱捧男裝女穿的concept，但加入不少昆蟲做主角，衣服和手袋上飛滿蟬和聖甲蟲等。曾愷玹表示一點也不怕蟲，最怕的反而是美麗的蝴蝶，令人難以置信。 對花粉過敏 爸爸是獸醫的曾愷玹笑說：「小時候我爸爸常跟我說蝴蝶髒髒，加上我會過敏，很怕蝴蝶身上的花粉會掉在我身上，所以從小就超怕蝴蝶；BV的蟲與蟬哪有甚麼可怕的？可怕的是蝴蝶啦！」她怕蝴蝶已到了匪夷所思的程度，她說：「看到牠在飛，我會到處躲，如果不小心停在我背上，朋友都不敢告訴我，不然我一定會尖叫。」 採訪、攝影：PearlLai
20100730-115,20100730,115,潮流糾察：暗戰,潮流糾察：暗戰 平民百姓以至超級巨星都逃不過撞衫的命運！即使不是撞到應一應，同牌中類似款式、顏色經兩個不同風格年齡的人作出示範，平放對照，有時高下立見，有時各擅勝場，有時當然總有一方輸得慘烈。都季尾煞科了，總結「雙生衣」的局面，數極都有，穿得快未必一定好世界，男女撞、baby媽咪又撞，明知不是獨家carry仍然「着咗先講」，都怕是擊敗自己比擊敗別人來得更重要吧！	 撰文：Gracekelly －Dolce&Gabbana－ 鄭秀文忠原著 另一示範的Sammi出名「無材」，但同一套蕾絲裙套於她身上，眼神甫士都經過仔細參詳，縱然同樣沒有致命誘惑，但卻多了一份fashionmode的魅力。 陳慧琳白開水 以Kelly的無敵骨架，從來少輸，唯一是樣樣太優質的她兼且仔都生埋，示範既innocence香艷的黑白蕾絲lingeriefashion，則發揮不了原作應有的味道，落於平淡。 －Chanel－ 關之琳靚到暈 大美人穿甚麼都美態滿瀉，迷完Balmain後，穿回classicelegance的Chanel，是否更之之？以一個不隆而重之的姿態carryChanel，網羅了eased&urbanchic，但同時因她美麗矜貴的面孔讓優雅封存。 陳奕迅必殺技 根據推斷，ChanelMan只會越來越多，從來「惡搞」streetwise達滿分的Eason，偶爾反差露decent都是他必勝殺着，溫柔調子女色橫流的Chaneltweedjacket，效果等如他執正穿老西一樣，沒分扣。 －mercibeaucoup－ 宇津木標準作 原作者的慣常行為都一定比她筆下的男生女生穿得清淡一點點，宇津木已經算是例外，雖沒娃娃臉但有尚算kawaii的日女笑顏，與陸永上下分頭行事示範公仔monogram及扣襟花，不涉及較技，但求搶fun！ 陸永滿漢宴 圖案有時可dresstokill，更多時可以加fun，行出來已經得得意意的陸永，一身mercibeaucoup乜都有：dot柄、打孖襟花、圖案joggingpants，樣樣有啲適量的more，十足fashionbuffet，好好味！ －miumiu－ Angelababy硬成熟 miumiu宣告成長有好一段日子，但大家仍然視她為妹牌原祖之一，明明賣青春卻不時「大個女」形象躍躍欲試的baby，穿上miumiu的水晶燕子裙裝，set一個「熟女頭」，強行成熟這一着成效顯著，風情急增。 楊小娟強青春 媽咪輩的楊小娟也情迷miumiu，她的招數是以清湯掛面直髮出迎顏色details多多燕子裝，與baby比較，她棄鉛筆裙選短褲，更為忠於原著。嫩口的裝成熟，有番相當歲數的則跳跳紮，恒常女人心理戰。
20100730-116,20100730,116,Valentino危險情色,Valentino危險情色 意國名牌Valentino在創作總監MariaGraziaChiuri和PierPaoloPiccioli手上，慢慢從寶庫傳統中，蛻變出屬於新一代華倫天奴的摩登美麗。2010年早秋系列，以DangerousRed為大前提，暫別calm&beauty的柔和。黑色、烈燄般的深火紅、情色性感又帶innocent的nudecolor，合組成華倫天奴新季三原色。窩釘、皮革與浪漫喱士、雪紡；超窄緊身剪裁與ribbon甜美，一一靠向young&strong的華麗新女性之路。 Valentino在剛過去的春夏季，輕柔darkromance，令人陶醉。來到早秋，筆鋒一轉變得如此剛強、濃烈，各式leathertubedress、cocktaildress、漆皮大衣，用上濃得如烈燄的偏暗火紅色，或暗黑作主調，視覺效果強強強。上季pure又innocent的nudecolor，今次換上皮革質料，感覺又截然不同。 日裝strongmood，晚裝則美麗溫柔。華倫天奴的華麗氣息在曳地晚裝上，盡情傾瀉！輕盈而有質感的柯根紗rufflesgown，以嬌美的淺桃紅色作主調，黑色embroidered傘裙，更是釘出美麗，redcarpet之選。 剪裁方面，在新世代獨立、自主younglady大前提下，MariaGraziaChiuri和PierPaoloPiccioli帶來年輕、creative而美麗有型的新輪廓。收身短裙，可搭配超短的shrug、喱士blouse配緊身皮褲、各式貼身裙子上，飾滿華倫天奴icon的ribbon和絲帶等，營造屬於newworld的型格。 重型窩釘 鮮紅色彩、飽滿的橫間車線、超幼鞋跟等元素，讓新季手袋鞋履沾上一分強烈的dangertouch。搖滾氣息也是今季Valentino新嘗試，黑色圓頭皮靴的靴身，釘滿heavymetal窩釘、金屬扣，再加入閃石和立體飾花，glamrock味濃。 成為iconicdesign的立體花朵設計也大舉出擊，leatherflowersbag、雪紡花花袋、皺褶柯根紗花花袋等，花瓣也釘上窩釘小圓珠。至於浪漫細膩、色彩繽紛的蝴蝶胸針、臂環，重提這個微凉初秋的詩意。 採訪：DebbieLum 攝影：MatthewLam 示範：JoyeofStarzpeople 場地提供：FourSeasons
20100730-117,20100730,117,潮流感：MarcellodeCartier揹出新主意 - ㎡,潮流感：MarcellodeCartier揹出新主意 - ㎡ 貴精不貴多是一個smartpolicy，至少焦點集中。Cartier近年推出的手袋MarcellodeCartier，成為品牌唯一手袋主打，初出以手挽為主，偏向高級OL太太style，每季加入不同質料、大小和細節變化等，添加新鮮感。今季MarcellodeCartier換上更modernchic的肩揹設計，長肩帶可調校長短，兩角有鏤空設計，容量適中。 品牌更請來四位不同背景的名人演繹MarcellodeCartier肩揹包的精髓，包括韓國演員尹恩惠、巴西名模FernandaMotta和巴黎街頭女畫家AraStarck等。 Textby㎡
20100730-118,20100730,118,《狄仁傑》唯一華語片入圍劉德華、李冰冰水都逐金獅,《狄仁傑》唯一華語片入圍 劉德華、李冰冰水都逐金獅 【第67屆威尼斯影展】歐洲三大影展之一的第67屆威尼斯影展將於9月1日揭幕，有份角逐最高榮譽金獅獎的競賽單元入圍名單昨日亦已公佈。多齣事前有望突圍的華語片臨門脫腳，只剩徐克執導、劉德華和李冰冰主演的《狄仁傑之通天帝國》入選，代表華語電影競逐殊榮。 今屆威尼斯影展的競賽單元入圍名單，已於香港時間昨日傍晚發表。由美國鬼才導演昆頓塔倫天奴（QuintenTaratino）擔任評審主席的競賽單元，一口氣披露22套參展片，有別於上限為20齣的一貫方針，最後一套電影還會於9月6日影展舉行期間才公佈。 身陷囹圄出山查案 日前有海外影業權威刊物推測，彭氏兄弟的《童眼》、吳宇森的《劍雨江湖》和杜琪峯的《奪命金》等香港導演新作均有望爭獎，但最終僅得徐克執導、劉德華主演的《狄仁傑之通天帝國》入圍，之前宣佈其中一齣開幕日播放的影片《精武英雄．陳真》，將以非競賽身份參加。 《狄仁傑》花過億人民幣拍攝，講述劉嘉玲飾演的武則天在登基之前，京城內發生連環命案，身陷囹圄8年、由劉德華所飾的通天神探狄仁傑因而出山查案，本片於9月30日作中、港、台同步上映。 對於能夠進軍威尼斯，劉德華替徐克感到高興：「因狄仁傑這角色的個性，是徐克與我一起琢磨出來，入圍威尼斯是對工作人員努力的肯定，我也準備親自參與。」李冰冰指10年前她演出的《過年回家》於威尼斯獲獎，如今仿似「與威尼斯的十年之緣」，但劉嘉玲則表示或因工作所限未能赴會。 入圍角逐金獅獎的亞洲代表，還有屢拍cult片的日本導演三池崇史的《13刺客》，以及法籍越南裔名導陳英雄掌舵、松山研一和菊地凜子主演的村上春樹名著改編《挪威的森林》。 妮妲莉新戲作開幕 今年的歐美勢力幾乎佔據剩餘名額，其中美國幾部電影最為突出，包括前年曾以《拼命戰羊》（TheWrestler）摘下金獅的達倫艾朗夫斯基（DarrenAronofsky），今年帶來妮妲莉寶雯（NataliePortman）主演之開幕片《BlackSwan》；名門後代蘇菲亞哥普拉（SofiaCoppola）的新作《Somewhere》；由菲達萍杜（FreidaPinto）和威廉狄福（WilliamDafoe）主演、祖利安斯納貝爾（JulianSchnabel）操刀的《Miral》等。 第67屆威尼斯影展競賽單元入圍名單 電影：《BlackSwan》（美國）　導演：達倫艾朗夫斯基 電影：《Somewhere》（美國）　導演：蘇菲亞哥普拉 電影：《Meek'sCutoff》（美國）　導演：KellyReichardt 電影：《PromisesWrittenInWater》（美國）　導演：雲信嘉露（VincentGallo） 電影：《RoadtoNowhere》（美國）　導演：MonteHellman 電影：《Miral》（美國、法國、意大利、以色列）　導演：祖利安斯納貝爾（JulianSchnabel） 電影：《Potiche》（法國）　導演：法蘭索瓦奧桑（FrancoisOzon） 電影：《HappyFew》（法國）　導演：AntonyCordier 電影：《BlackVenus》（法國）　導演：AbdellatifKechiche 電影：《SilentSouls》（俄羅斯）　導演：AlekseiFedorchenko 電影：《ASadTrumpetBallad》（西班牙、法國）　導演：AlexDeLaIglesia 電影：《PostMortem》（智利、墨西哥、德國）　導演：PabloLarrain 電影：《Barney'sVersion》（加拿大、意大利）　導演：RichardJ.Lewis 電影：《NoiCredevamo》（意大利、法國）　導演：MarioMartone 電影：《LaPassione》（意大利）　導演：CarloMazzacurati 電影：《LaPecoraNera》（意大利）　導演：AscanioCelestini 電影：《TheSolitudeofPrimeNumbers》（意大利）　導演：SaverioCostanzo 電影：《狄仁傑之通天帝國》（中國）　導演：徐克 電影：《13刺客》（日本）　導演：三池崇史 電影：《挪威的森林》（日本）　導演：陳英雄 電影：《Attenberg》（希臘）　導演：AthinaRachelTsangari 電影：《Three》（德國）　導演：湯迪華（TomTykwer） 資料來源：威尼斯影展
20100730-119,20100730,119,Slash港開騷晒結他奇技,Slash港開騷晒結他奇技 曾擔任美國樂隊GunN'Roses結他手的國際知名搖滾巨星Slash，昨日在亞洲國際博覽館舉行世界巡迴香港站，開騷前兩小時他先抽空在後台跟fans見面，昨晚音樂會吸引黃秋生、MC仁、單立文捧場，Slash則在台上大晒高超結他造詣，搞high全場觀眾。 Slash昨晚戴上其招牌紳士高帽，將Gibson結他玩得出神入化，除聯同樂手演繹個人大碟的歌曲外，也奉上了GunN'Roses及他所屬樂隊VelvetRevolver的代表歌曲，讓fans全晚熱血沸騰。 採訪：張一明 攝影：林德雄
20100730-120,20100730,120,拍《肉蒲團》求一脫成名雷凱欣露兩點打3D性戰,"拍《肉蒲團》求一脫成名 雷凱欣露兩點打3D性戰 o靚模近期熱爆娛圈，現年26歲、擁有36F豪乳的o靚模始祖雷凱欣不甘被後浪掩蓋，最近答允露兩點演出3D三級片《肉蒲團之極樂寶鑑》，以求一脫成名。 近期80後o靚模為上位博到盡，爭相推出噴血寫真，身為o靚模始祖的36F雷凱欣近年人氣下滑，為挽頹勢，她近日答允演出蕭定一投資逾2,000萬的全球首部3D三級片《肉蒲團之極樂寶鑑》，以求一脫成名。同片還有貌似張栢芝的內地女星藍燕、日本AV女優原紗央莉及周防玲子，男主角則是葉山豪。 吳啟華和葉子楣於91年主演三級片《玉蒲團之偷情寶鑑》，事隔19年再拍3D版，蕭定一信心十足，他昨日更相約雷凱欣和藍燕到金鐘傾劇本，兩女之後又挽手行商場血拼。 「性感未必色情」 據知雷凱欣在片中會露兩點，問她為何肯坦蕩蕩現身大銀幕，她昨日在電話中說：「舊年5月佢哋策劃呢部戲時已經聯絡我，我最初推咗，但佢哋一邊改故事，一邊再畀劇本我睇，最後俾阿一（蕭定一）嘅誠意感動咗，答應幫佢拍。」 雷凱欣指角色有發揮，並謂以前也拍過兩部三級片，分別是《黑勢力》和《新禁室培慾之愛的俘虜》，她說：「我拍三級片係冇問題，至於露點演出，我都諗咗好耐先過到心理關口，因為真係劇情需要，我覺得性感未必係色情。我好鍾意個故事，內容好凄美，我個角色仲會死。」提到3D露點演出很出位，她說：「係呀，我聽聞好多外國片商都招手買版權，部戲下個月就開鏡。」 安排旅行團探班 問雷凱欣酬勞是否很可觀，她直認說：「幾和味，係六位數字。」她透露下月開鏡時，電影公司會安排旅行團往現場探班，由於該片集合兩岸三地演員，故會待演員混熟後才會拍露點等較激鏡頭。同片的上海姑娘藍燕現年24歲，也會全裸上陣，貌似栢芝的她最近才跟英皇解約，但即獲蕭定一力捧。 採訪：比華利 攝影：黃偉雄"
20100730-121,20100730,121,外星密碼,外星密碼 ●日本男歌手桑田佳祐日前證實患上食道癌後，需要立即進行治療，有指他下周會接受激光化療。 ●日本男星福山雅治主演的《龍馬傳》，日前到鹿兒島拍外景，他與真木陽子拍攝溫泉混浴鏡頭。 ●《哈利波特》台前幕後包括丹尼爾等所有工作人員，將於英國赫特福德郡的片廠舉行一個盛大派對，來跟《哈利波特》電影說再見。 ●美國影星占士法蘭高及印度女星菲達萍杜，昨日在加拿大的溫哥華拖手拍攝《PlanetofTheApes》前傳，有特技演員穿上特技衫扮猩猩演出。 ●正在服兵役的韓星李準基前日擔任圖片展的導賞員，吸引大批粉絲捧場。 ●即將當媽媽的韓星宋允兒，日前和演員丈夫薛景求捐助一名患有心臟病的女童做手術。
20100730-122,20100730,122,Cheryl治癒瘧疾　出街買咖啡,Cheryl治癒瘧疾　出街買咖啡 英國女歌手CherylCole今年運程認真麻麻，自與爛滾球星丈夫艾殊利高爾（AshleyCole）離婚後，上月跟緋聞男友DerekHough到東非的坦桑尼亞旅行後又染上瘧疾，曾一度傳出肺積水命危。Cheryl大病初癒後昨日首度曝光，以一身樸素的打扮，步出英國倫敦Surrey的大宅往星巴克買咖啡。 牛記踢拖出街 CherylCole昨日穿着白色露肩鬆身Tee加喱士背心、配襯牛仔褲及拖鞋步出她於Surrey休養的大宅，打扮簡單隨意。面對着在門外等候多天的一眾記者，Cheryl除流露出其招牌甜美笑容外，眼神亦見神采，似要告訴全世界她已漸漸康復，叫大家不用擔心。 Cheryl是於7月初發現染病，兩周前才離開醫院來到Surrey的大宅休養，其間緋聞男友Derek也數度來到探望，未知是否Cheryl媽媽長駐屋內為她烹調美食，雖然Cheryl昨日只外出15分鐘且面露倦容，但看上去精神不錯，雙頰亦比之前飽滿多。 與男Fans合照 有男fans在星巴克碰到Cheryl更即時上前合照，據招呼她的星巴克員工說，Cheryl只逗留了數分鐘且精神不俗，還抽空填表格捐款支持愛滋病活動。 據講Cheryl一直想盡快復出幕前，回去與男拍檔SimonCowell主持《XFactor》，但前晚她的發言人已指她會繼續休養：「Cheryl未來數周均不會回到工作崗位，但每個人均為她能起床走動而感到高興。」至於為她安排旅行而累她染瘧疾的Derek，則被指已搬進Cheryl愛巢居住，以便照顧大病初癒的愛人。
20100730-123,20100730,123,森禾霍頓被搶飯碗,森禾霍頓被搶飯碗 憑全球狂收巨製《阿凡達》（Avatar）榮升一線的澳洲型男森禾霍頓（SamWorthington），近來暫離片場休息，與女友赴意大利著名的阿瑪菲海岸每天享受陽光與海灘。 《潛行》男攣變直 正當阿森抽空出席意國的GiffoniExperience2010頒獎禮，領取獎項表揚其影壇貢獻之際，他竟被剛承認少年時代曾是同志、但現已由攣變直的《潛行凶間》（Inception）男星TomHardy搶飯碗，原本在愛情喜劇《ThisMeansWar》的角色已遭Tom取代。人們隨即寸阿森亂接戲，根本沒理自己到底有否檔期，才會自招這種結果。
20100730-124,20100730,124,佐治女友揭吸毒舊賬,佐治女友揭吸毒舊賬 荷李活鑽石王老五佐治古尼（GeorgeClooney）的意大利模特兒女友ElisabettaCanalis一向非冰清玉潔，曾搭上多個球星又於B級片有露點演出的Elisabetta，昨日又被翻舊賬，指她07年於意大利米蘭蒲夜店時曾吸食可卡因。 證供揭真相 據一名26歲由模特兒轉作娼妓的KarimaMenad說，曾兩次與佐治女友Elisabetta吸毒：「我記得曾與Elisabetta及其他兩人齊齊吸食可卡因。當時我們是在夜店內，時間是07年的12月，我們當時與一些富有名人一起開派對。」供詞是08年時Karima告訴檢察官時寫下，但因現在搜集到足夠證據關閉提供毒品的米蘭夜店，事件因而曝光。
20100730-125,20100730,125,奧蘭多自爆老婆有喜,奧蘭多自爆老婆有喜 新婚不久兼在加勒比海開心度蜜月的英國男星奧蘭多布魯（OrlandoBloom），被英國《太陽報》指他自爆模特兒老婆MirandaKerr已有身孕，據二人度蜜月的酒店員工透露，奧蘭多是為老婆因懷孕而變得脾氣暴躁向員工道歉。 圓潤拍廣告 據該名員工所言，奧蘭多親口對他們說：「Miranda因為懷孕所以身體不適。」二人在蜜月期間更十分恩愛，羨煞旁人。Miranda日前完成蜜月之旅回洛杉磯後，已投入工作為服裝品牌拍攝時裝照，當時也發現她已圓潤了不少，相信有喜的傳言也甚為可信。
20100730-126,20100730,126,爆料傳記揭叛逆歲月安琪蓮娜SM裸照曝光,爆料傳記揭叛逆歲月 安琪蓮娜SM裸照曝光 美國女星安琪蓮娜祖莉（AngelinaJolie），近日遭爆料傳記作家AndrewMorton出書揭開其過去瘋狂的一面。從美國雜誌《Star》轉載的八張圖片所見，當日安琪蓮娜疑似吸毒後裸露半身，並用黑色膠紙貼在乳頭上，更在頸上戴上狗帶，另外有幾張拍到她以黑膠紙封眼及口，雜誌估計是她與人進行SM性愛時拍下。 遭母親遺棄兩年 這輯極度震撼的照片，是在下月才出版的新書《Angelina：AnUnauthorizedBiography》中刊登。據Andrew向雜誌透露，照片攝於99年，是他從一名攝影師手中獲得，他說：「這段歷史相信安琪蓮娜一直沒有向男友畢彼特（BradPitt）透露過。」 傳記更提到安琪蓮娜年幼時曾遭母親Marcheline遺棄，由於當時她的父親莊威（JonVoight）被發現有外遇，Marcheline為了不想見到與偷食老公似十足的安琪蓮娜，竟拒絕見當時只有1歲的親生女長達兩年。 利用養子釣畢佬 安琪蓮娜被指14歲已經帶男人返屋企，又曾與伊芬鶴基（EthanHawke）有染，到拍攝《史密夫決戰史密妻》（Mr.AndMrs.Smith）時，安琪蓮娜更利用養子Maddox經常在片場的關係，偷偷將當時已與珍妮花雅麗絲頓（JenniferAniston）結婚的畢佬釣到手。 安琪蓮娜早年承認曾吸毒及有過同性戀經驗，又曾用刀割傷前夫比利卜科頓（BillyBobThornton），不過近年改以慈母形象示人的安琪蓮娜，相信也不太希望這段黑暗過去再次成為焦點，因此前晚她出席新片《叛諜狂花》（Salt）的韓國首映時，就被指刻意提及自己在聯合國的工作，又對北韓人民表示關注，以圖轉移視線。
20100730-127,20100730,127,LionelRichie9月訪港開騷,"LionelRichie9月訪港開騷 曾成為5屆格林美音樂大獎得主、並憑《白夜逃亡》（WhiteNights）的主題曲《SayYou,SayMe》奪得奧斯卡最佳原創歌曲的LionelRichie，將於9月28日首度來港在會展開騷，門票現已正式發售，票價由580港元至1,980港元。 近年熱心行善的Lionel特別多政要fans，例如英女皇、美國前總統克林頓、布殊、現任總統奧巴馬等。 今次Lionel會聯同35人重量級製作班底乘專機到港，將會演唱經典情歌《EndlessLove》，他更有可能走下台邀請女歌迷一起合唱，炒熱會場氣氛。"
20100730-128,20100730,128,AKB48篠田驚現壓力禿,AKB48篠田驚現壓力禿 日本偶像組合AKB48，以青春貌美為賣點，不過近日在AKB48人氣總選中獲得第三名的篠田麻里子，卻被發現頭頂疑似呈現壓力禿，令fans擔心她的頭髮會越甩越多。 AKB48成員前田敦子在網誌上載相片，相片中篠田正在吃飯盒，被發現其頭頂的頭髮十分稀薄。網友認為篠田如此後生就脫髮，可能是壓力所致。
20100730-129,20100730,129,硬銷愛女時裝品牌娜姐揸機狂影花邊教主,硬銷愛女時裝品牌 娜姐揸機狂影花邊教主 流行樂壇天后麥當娜（Madonna）瓣數多多，由歌影視圈以至時裝界都有涉獵，這種DNA也遺傳到女兒Lourdes身上，早前高調發表o靚妹時裝品牌，請來型格潮女TaylorMomsen做代言人，娜姐為支持Lourdes還親自操刀替她拍攝宣傳照，實行母女齊心上陣。 雖然麥當娜本身推出過個人服裝系列，但年僅13歲的寶貝女Lourdes要闖入時裝界，未免會有點吃力，作為母親當然願替下一代盡點力；就像過往幫常發明星夢的Lourdes參演《Celebration》的MV時那樣。 日前娜姐兩母女現身紐約曼哈頓區，與工作人員專注拍攝Lourdes所創辦時裝品牌MaterialGirl的宣傳相，同場還有人氣美劇《花邊教主》（GossipGirl）的17歲上位代言人TaylorMomsen。 逐個甫士指導 從娜姐全神貫注舉機拍照的樣子，還有為Taylor逐個甫士指導，耐性十足毫無怨言，就知她對愛女剛起步的時裝事業一絲不苟，務求正式面世時一擊即中。 當日黑衫黑褲配黑超的娜姐rock味十足，頗有攝影大師風範，原來她是趁執導新片《W.E.》的拍攝空檔，專程從倫敦飛來紐約力撐愛女。Lourdes則穿得很有少女氣息，頭戴闊邊帽還令她變得更成熟。至於Taylor則跟平時出騷或拍MV時的舉止大為不同，少了誇張煙熏眼和無謂暴露，變回其實際年紀應有的少女模樣。 阿媽酷囡囡甜 即使平時予人離經叛道感覺，Taylor也不敢在譽滿全球的娜姐面前造次，更向傳媒大賣口乖讚到娜姐天上有地下無，一邊說她是很酷的母親，一邊驚嘆可從中經歷無可媲美的體驗，Taylor說：「娜姐過來親自示範每件事，並擺出所有甫士來教我，我想我們有很良好的合作關係。」這位反叛女歌手亦稱「老闆娘」Lourdes整天在場幫忙，是位甜美小妞兒。 既然是由天后親自揸機，就算所屬樂隊目前正舉行巡演，Taylor自然要將這次拍攝工作放在首位。
20100730-130,20100730,130,妻夫木聰新片蒙特利爾參展,妻夫木聰新片蒙特利爾參展 加拿大的蒙特利爾電影節將於下月26日開幕，日本電影《惡人》獲影展主席親自邀請，成為競賽電影之一。 有信心奪獎 該片由妻夫木聰及實力派女星深津繪里主演，日籍韓裔導演李相日操刀，改編自日本著名作家吉田修一的同名小說。 《惡人》在日本仍未上映，但已有香港片商買下版權，由於奧斯卡最佳外語片《禮儀師之奏鳴曲》，首個參展的國際性影展，正是兩年前的蒙特利爾電影節，因此，《惡人》被邀參展，製作組亦充滿信心，妻夫木聰則希望透過影展，讓世界各地更多人欣賞到該片。
20100730-131,20100730,131,黃曉明、陳喬恩咀到熟絡,黃曉明、陳喬恩咀到熟絡 吳宇森監製、梁柏堅和鍾繼昌聯合執導的宣傳亞運電影《激浪青春》，找來台灣偶像劇一姐陳喬恩和內地人氣小生黃曉明主演。該片本月初在北京開拍，但曉明要為陳凱歌的《趙氏孤兒》埋尾，故昨日才入組拍《激》片，令他意想不到的是首天開工便要跟喬恩拍親吻戲。 黃曉明講爛笑話 由於二人完全不認識，拍咀戲當然尷尬不已，喬恩拍攝前跟曉明說：「你以前有沒有試過跟一位陌生女子僅認識三個小時就接吻呢？」曉明說：「今周沒有，上周和我家的狗有親嘴。」喬恩笑指他的笑話很爛，開完玩笑後，二人就打破悶局，導演隨即拍攝咀戲及曉明攬着喬恩教她划艇的鏡頭。 拍了一個上午，兩人開始熟絡，喬恩不斷叫曉明做前輩，曉明卻說：「不要叫我前輩啦！這樣叫，把我變得很老！叫我曉明或曉明哥都可以。」喬恩大讚曉明和善，對新人也很好。 採訪：丁寧
20100730-132,20100730,132,WG瑜斌叩謝粉絲送禮,WG瑜斌叩謝粉絲送禮 韓國組合WonderGirls（WG）大受歡迎，收到粉絲送禮物十分平常，但成員瑜斌日前竟在twitter上載一張她跪地叩謝粉絲禮物的相片，引起網友熱論。 原來粉絲送禮時附上便條，表示自己很窮但仍然儲錢送禮，希望比她們更有錢的瑜斌在拆開禮物前，對禮物跪拜。瑜斌收禮後照做，認真搞笑。 成都演出 此外，WG前晚在成都演出一個主題樂園的晚會，五名成員又唱又跳，令觀眾拍爛手掌，她們下月會再到內地湖南長沙錄影節目，又會到北京舉行簽名會。
20100730-133,20100730,133,權相佑撞車案罰款加碼,權相佑撞車案罰款加碼 韓國男星權相佑的撞車逃逸案，昨日在首爾中央地方法院判決，法官判權權需要繳交700萬韓圜（約4.5萬港元）的罰款，這罰款數目比起檢察官早前提出的500萬韓圜（約3.2萬港元）多，引起外界關注。 要負社會責任 法官解釋嚴懲權權是因為他是公眾人物，會對社會帶來影響，要負上更大的責任。此外，仍未能挽回形象的權權，懶理外界要求他辭演，日前如期為新劇《大物》開工，他更會於下月飛往日本舉行生日派對，實行努力搵奶粉錢。
20100730-134,20100730,134,帶觀眾走進舞池優先搜畫：《舞出真我3D》跳出愛火,帶觀眾走進舞池 優先搜畫：《舞出真我3D》跳出愛火 青春舞蹈片夠熱鬧夠勵志，向來受歡迎，像《舞出真我》系列便長拍長有。在第三集《舞出真我3D》中，男主角歷奇馬來貝率領街舞隊伍參賽爭獎，還與女主角莎妮雲遜埋身練舞跳出愛火，最重要是電影以3D拍攝，令觀眾有如置身舞池，一齊high爆跳足個半鐘！　撰文：戶川淳 荷李活青春片《舞出真我》（StepUp）系列首集於06年面世，來到第三集《舞出真我3D》（StepUp3-D），華裔導演朱浩偉搞搞新意思，怕觀眾齋睇演員在大銀幕跳舞未夠投入，於是趕上潮流開拍3D版，令觀眾有如置身現場，親身感受跳舞這份動感。 為了營造最佳3D效果，劇組在編舞、鏡頭方面通通精心設計，更融合煙霧、水幕及雷射特效，片場更設置大型電視機，方便劇組每拍完一場戲便即時重看片段檢討，製作認真。舞蹈方面更加碼，由踢躂舞、探戈到街頭舞都有，本身是前舞蹈員的朱浩偉說：「能夠將電影和舞蹈這兩樣興趣合二為一，感到很興奮。」 參賽爭獎 《舞出真我》首兩集都由不同的演員主演，今集就玩新舊大雜燴，加入新面孔歷奇馬來貝（RickMalambri）和莎妮雲遜（SharniVinson）外，也找來第一集的亞莉遜史東拿（AlysonStoner）和第二集的阿當薩凡立（AdamG.Sevani）再次演繹當年的角色。 故事講述陸克（歷奇飾）是一名出色的街頭舞者，他為了讓自己的舞蹈隊伍HouseofPirates繼續生存，必須得到肯定，在世界街舞賽中與各路頂尖舞林高手過招，以贏取巨額獎金。為此他先後羅致了妮坦莉（莎妮飾）及紐約大學一年級生姆斯（阿當飾）。朝夕相對下，陸克與妮坦莉互生情愫，然而背景神秘的妮坦莉，原來是個計時炸彈，對HouseofPirates能否獲勝構成重大威脅。 紐約取景 今集取景地跟上集不同，由馬里蘭州的巴爾的摩市移師到紐約，貪紐約有豐富的歷史、文化和來自世界各地到該處尋夢的人，配合主角有機會跟國際各大舞蹈高手接觸，從而認識自己的劇情。選角方面亦十分嚴謹，謝絕毫無舞蹈底子的人呃飯食，所以劇組走遍洛杉磯、紐約和邁阿密等地方，招募跳得演得的舞蹈員，合力拍攝片中六大精采比舞場面。 香港上映日期：8月12日 話你知：歷奇馬來貝上位在望 美國男星歷奇馬來貝在《舞出真我3D》睇得又跳得，迷倒不少粉絲，原來這是他首次登上大銀幕。現年27歲的他，成長時期已經熱愛breakdance，後來被發掘成為D&G、TommyHilfiger等品牌的模特兒。06年，他踩過界當演員，拍過電視劇《CriminalMinds》。他為了在《舞出真我3D》騷quali，特別接受了兩個月魔鬼訓練練出一身肌肉，稍後他會接拍三齣電影，其中包括《WeAreChampions》。
20100730-135,20100730,135,楊秀惠承認打假波,楊秀惠承認打假波 黎耀祥、馬浚偉、馬國明、楊秀惠、陳倩揚和沈卓盈等，昨日在奧海城出席明珠台紀錄片《Life》記者會。黎耀祥透露近日已拍罷無綫新劇《巾幗梟雄之義海豪情》，故可出外賺外快，他又謂酬勞跟往年一樣抵用。會否與家人一起拍廣告？他說：「唔會喇，個仔家讀中學比較多功課，唔可以成日出嚟，以前都係想畀佢少少回憶同玩吓。」 楊秀惠穿上露肩裝，上圍明顯縮水，她說：「心口向來都冇，加上近排啲o靚模太激，你哋睇得太多好嘢。」問她是否與舊愛孫耀威一樣情緒低落故消瘦，她說：「我情緒好好，我做好自己嘢，其他人嘅嘢我唔知。」她直言上圍經常因服飾而改變，昨日反而是她的真面目。 自嘲要矯形 對於被指「打假波」，楊秀惠說：「我唔否認，向來都冇話自己身形好，都拍唔到寫真。」她自爆試過戴一個nudebra再加一個bra谷胸，又自薦拍矯形內衣廣告，她說：「我全身都有必要矯一矯呀。」 採訪、攝影：王崇穎
20100730-136,20100730,136,鄧特希斥劇情侮辱女性無綫複製俏Betty辯稱參考,鄧特希斥劇情侮辱女性 無綫複製俏Betty辯稱參考 無綫新劇《女人最痛》又涉抄襲，近日有網友踢爆劇中裝胸扮醜的滕麗名角色造型，以及寫字樓場景跟美劇《俏Betty》似到足，雖然TVB昨承認有參考《俏》劇，但無綫前監製鄧特希卻斥該劇揶揄女性大胸的劇情badtaste，而且侮辱女性。 無綫近年劇集屢涉抄風，話題劇《談情說案》早前就因涉抄日劇《神探伽利略》而惹起軒然大波，連日本傳媒也廣泛報道。未料一波未平一波又起，由滕麗名、米雪及張可頤等演出的新劇《女人最痛》本周首播後即被網友大踢爆，指劇情激似美劇《俏Betty》（UglyBetty）。 劇中滕麗名扮演於護膚品公司上班的大胸醜OL漫悠，為配合角色，她要裝假狗僭建巨乳、戴眼鏡及戴假大鼻配以一頭短蔭長髮，加上一身老土打扮，故常被男同事戲弄及嘲笑其身材。 造型佈景似十足 事實上滕麗名的造型，又確與《俏》劇中在時尚雜誌上班的四眼箍牙肥妹仔Betty似到足，而《女》劇中的公司寫字樓圓形大門設計及裝潢，也跟《俏》劇的場景如餅印。 對於《女》劇又涉抄襲，無綫外事部副總監曾醒明昨承認該劇確有參考《俏Betty》，他在電話中說：「編劇組嘅同事會參考好多唔同嘅中外作品，攞靈感後再加好多自己嘅創作同埋本地元素，滕麗名嘅角色係造型接近，話office場景似係如有雷同實屬巧合。」 與《女》劇同時段硬撼的亞視劇集《法網群英》監製鄧特希，雖然於無綫出身，但他昨在電話中也指《女》劇有不恰當之處：「我唔敢講係咪抄，但內地有套做咗好多輯嘅《醜女無敵》都似《俏Betty》，如果無綫係抄嘅話就係二手抄。」 影印巨胸辱女性 鄧特希又說：「我睇過其中一段，講幾個男同事夾滕麗名埋影印機，影印佢個胸，我睇到好唔舒服，badtaste，侮辱女性。」 採訪：林妃
20100730-137,20100730,137,甄子丹生日變石膏悟空,甄子丹生日變石膏悟空 甄子丹早前放假到加拿大休息，回港即趕開工，赴北京為新3D電影《大鬧天宮》的孫悟空造型倒模定裝，卻撞正當天是其生日，沒家人陪伴，又過得苦不堪言，十分慘情。 慘被摸勻全身 今次電影公司請來《戰狼300》特效總監ShuanSmith為《大》片負責特技化妝，單是子丹的孫悟空造型便要花逾一百萬美元，當日子丹穿上緊身衣，外塗厚厚石膏，保持站立三十分鐘，更要面部表情掃描，全身翻模及造型研討等，連牙齒都要定位，又被摸遍全身，連重要部位都不能倖免，子丹說：「啲石膏搞到個人又熱又濕，到乾咗後成個人又唔可以屈，重到好似孭住個人咁，腳踭都好痛。」工作人員惟有安慰他，說是生日送他一個美容療程。撰文：丁寧
20100730-138,20100730,138,塑膠廠大爆炸　目擊者見抬出百具屍體　政府卸責下令：重傷者撐三日才准死,"塑膠廠大爆炸　目擊者見抬出百具屍體　政府卸責下令： 重傷者撐三日才准死 南京就塑膠廠大爆炸事故公佈的死亡數據，引起各界質疑，被指涉瞞報。市政府昨聲稱，死亡人數由前日的10人增至13人。但據現場目擊者，中國著名慈善家陳光標對上海衞視稱：「現場抬出一百多具屍體出來！」當地有電視台披露，有官員曾要求將死亡人數控制在10人之內，還逼重傷者撐三日才死。網民對官方公佈的死傷數字普遍表示質疑，有人指有記者透露死亡至少76人，並批評「南京的媒體比較操蛋，這麼大的事情，只有豆腐塊大小的報道……」 「120人住院能擠滿全市醫院？用光全市血液？」江蘇省南京市棲霞區邁皋橋原南京塑料四廠的大爆炸，當局昨聲稱僅13人死亡，引起全國民眾爭議，認為當局涉及瞞報。南京民眾更不斷爆料，指有官員不但要醫生設法保住重傷者，下令他們要撐三日後才能死。 南京傳媒低調報道 原南京塑料四廠在前日發生猛烈爆炸後，現場如同廢墟，方圓200米的房屋被夷為平地，大批民眾受傷送院，但南京市政府前晚堅稱只有10死、14重傷、120人住院，並高調否認中央電視台稱有12人死之說，引發各界質疑。 其中第一名致電報案、距離現場300米的中國著名慈善家、江蘇黃埔再生資源利用有限公司董事長陳光標，前晚接受上海衞視訪問時說：「具體死亡情況我不清楚，反正現場抬出一百多具屍體出來！」而包括上海衞視、北京《中國青年報》的記者昨在當地多間醫院採訪時，亦稱每間醫院都是人滿為患，估計單一醫院已有四、五百名傷者。 全國各大城市的報章昨都以這場大災難作頭版報道，惟獨事故地點南京的媒體卻十分低調，只有《現代快報》勇於將爆炸事故放在頭版。而當地銷量最高的《揚子晚報》有工作人員在官方微博上留言：「今天，很多人罵本報，這是我們預料到的，事實上原本我們準備了九個版，變成現在這模樣，我們的悲、怒還有痛！」 死亡人數控制在10人內 繼有網民將江蘇省委書記梁保華的秘書徐光輝，前日阻止電視台記者進行現場直播的短片放上YouTube後，再有民眾披露當局瞞報、封鎖消息。一名網民引述當地的醫生稱，醫院要求他們盡力救治重傷者，並且讓他們「撐過三天」，因為在事發後三日內死亡算是因故死亡，地方領導要為事故負責任，但三日以後死亡則屬因傷死亡。南京一名電視台也透露，前日有單位領導向媒體派紅包，務求要將死亡數字控制在10人以內。 根據有關規定，死亡人數在10人以上屬重大安全事故，30人以上則屬特大安全事故。因此，10人以下死亡，屬一般事故，官員所受的處罰輕微。反之，死亡人數越多，官員烏紗不保。 南京市局昨午舉行記者會，聲稱在清理現場時發現三具遺體，令事故死亡人數增至13人，另有120人住院治療，14人重傷。事故中有4,300多戶民居在此次爆炸中受損。市政府發言人稱，這次事故所造成的經濟損失非常巨大，目前，具體數額仍有待統計。由於事故重大，昨晚國家有關部門的領導亦親抵南京，現場指導救援和善後處置工作。 上海衞視/新華網"
20100730-139,20100730,139,兩岸快線唱K爭執　4漢被斬手腳筋,兩岸快線 唱K爭執　4漢被斬手腳筋 佛山南海一間卡啦OK店的惡保安，只因10多男女顧客被指損壞一個咪高峯拒賠償，雙方發生爭執後，20多名保安竟持刀棍圍毆顧客，斬傷多人，其中四名男顧客被斬斷手腳筋，重傷入院，另有多人受輕傷。涉案疑兇事後逃逸，當地警方正調查中。 廣東金羊網
20100730-140,20100730,140,旅日賺學費　全裸擺放壽司任客嚐中國學生當女體盛如行刑,旅日賺學費　全裸擺放壽司任客嚐 中國學生當女體盛如行刑 「女體盛」是日本另類飲食文化，在女性身體擺放食物奉客，被指是對女性的侮辱。有留日的中國女生為了賺學費，被迫到飯店作了一年多的女體盛，不但要在一幫陌生男子面前全裸，還要忍受好色或醉酒男客人的粗言穢語，甚至被摸私處。 日本新華僑報網近日刊文，講述了這名旅日中國女子在日本做女體盛的屈辱經歷。她的父母都是藝術學院老師，23歲大學畢業後，她2002年到北海道一所藝術學院學畫畫，與嫁到日本表姑所生的26歲表姊安子，在鄰居介紹下，到一間招請女體盛的飯店見工，其間還要脫光衣服讓幾名色迷迷的男子評選。 擔任女體盛要求是處女，仍屬處子之身的她順利入選；而她的表姊亦因長得漂亮，自稱處女而入選。 兩表姊妹自此要接受個多月嚴格訓練，也學會了在女體盛上擺放壽司的講究，如三文魚會給人以力量，放在心臟部；旗魚有助消化，放在腹部；鰻魚能增強性能力，宜放在陰戶部位等。女事主形容：「感覺完全就是罪犯上絞刑架，全身僵硬得連氣都不敢出。」首次上陣的她即遇到好色男，有人提出「把她的陰部和乳頭顯露出來」，令她恨不得找個地縫鑽下去。 慘遭醉漢撫摸私處 其後，她也遇過一些野蠻的男顧客。有的並不立即動手吃飯，而是先是評論她的身材，有人批評她的胸部、腹部及大腿等的線條，甚至有一個客人喝多了酒，竟去撫摸她下體私處。她雖感憤怒，但不敢動。因為女體盛這服務的最高原則是：「對顧客完全的服務、娛樂與服從。」 她靠擔任女體盛一年多賺學費，在藝術學院畢業後回到中國。她雖已和過去的生活徹底告別，但她表示，現當夜深人靜時，那羞愧曾帶來的陰影，還會讓她心口隱隱作痛。 中新網
20100730-141,20100730,141,12天假期斷成4截中秋十一假七零八散,12天假期斷成4截 中秋十一假七零八散 「如果這樣分拆休息，實在是太浪費了！」從9月18日起，內地民眾將度過「最折騰的假日」。由於今年中秋、十一長假相距僅個多星期，令到民眾上一、兩日班又放假，休息兩、三日後又上班……七零八散的假期令人看到頭痛！ 根據國務院辦公廳發出今年節假日的安排通知，從9月13日起，先上班五天然後放一天假，再返三天、放三日，繼而連上班六日再放七天，最後是上兩天放一天。很多打工仔都要將放假日子記在日曆上免遺忘。 民眾質疑為何不將假期合併，讓他們能一次過放12日假。旅行社稱前來報團的，行程都是在八天內的。商家批評這樣的安排影響人流，打亂他們的淘金計劃。 《廣州日報》
20100730-142,20100730,142,賣唱「裝窮哥」駕名車,賣唱「裝窮哥」駕名車 「沒有車、沒有房，只有一個好心腸！」一名年輕男子近日在北京西單拿着結他自彈自唱，並且聲稱要徵婚，吸引大批年輕女子圍觀。但當城管到場交涉、阻撓，男子收起東西時，卻踏上一輛名貴寶馬越野車離去。男子駕豪華車離去的相片曝光後，網民稱他是「裝窮哥」。 這名男子看似20多歲，身穿破洞牛仔褲，在西單大街的一角賣唱徵婚。當大家玩得高興之時，一名中年女城管上前阻撓，他只好收拾東西離去。但諷刺的一幕這時出現，男子收拾細軟後，走向一輛白色的寶馬越野車，將東西放到車尾箱後揚長而去。 北京《法制晚報》
20100730-143,20100730,143,新疆驚現綠毛狗,新疆驚現綠毛狗 新疆烏魯木齊頭屯河區一家居民飼養的狗媽媽日前誕下六隻BB，但讓人嘖嘖稱奇的是，除了有白色、黑白花的狗BB外，還有一隻淡綠色的狗仔（圖），而且牠的體形還比其他五隻狗BB還要大。 新華社
20100730-144,20100730,144,今日我最靚,今日我最靚 雲南美女　施柳屹
20100730-145,20100730,145,家園盡毀　南京市民堵路抗議,"家園盡毀　南京市民堵路抗議 「現在沒人來解決我們問題、沒有人理會我們！」南京正在拆遷的塑膠廠爆炸事故，波及周邊逾4,300戶民居，大批民眾無家可歸，家當全失。部份民眾不滿事發後一日當局對他們不聞不問，昨晨堵路抗議。 無人處理賠償問題 十多名在爆炸當中失去家園的民眾，昨晨情緒相當激動地躺在路上阻止車輛通過。一名赤膊參與抗議的民眾稱，他的住所被震至出現裂痕，傢俬、電器受損，現在無家可歸，感到非常徬徨。他不滿當局安排混亂，事發後一直無人安置，也無人討論賠償。 抗議開始後不久，一名身穿紅衣的政府工作人員到場，先要民眾記下每戶財產損失，然後會逐一與他們會面，討論如何賠償。可是當示威民眾反問：「一個星期可以嗎？」官員稱不可能在一周內賠償。解釋完畢，在場公安馬上驅散攔路民眾。 根據當局統計，在這次爆炸當中有4,300間住宅在事故中損毀，當中包括部份在現場附近、全棟倒塌的民房。市政府昨起向受影響民眾發放臨時生活補貼，每人每日100元人民幣，並安排他們到賓館暫住，而且當局亦為失去家園的民眾和傷者安排心理輔導。 江蘇網/本報記者"
20100730-146,20100730,146,7000化工桶冲入松花江市民搶購瓶裝水,"7000化工桶冲入松花江 市民搶購瓶裝水 吉林省吉林市永吉縣暴雨，令到化工廠的化工原料桶冲到松花江事件，當局昨日統計最少有兩間工廠、逾7,000個化工桶被冲到江中，隨水漂浮。由於化工桶外流的數量突然暴增六倍，民眾恐食水遭污染，將全市瓶裝水搶購一空。而在松花江下游的黑龍江省則已嚴陣以待，解放軍防化團準備在江上打撈。 化工原料超過510噸 吉林市前日指出有逾千多個裝有化工原料三甲基乙氯硅烷（TMSCL）的桶冲入松花江，但昨日市政府舉行記者會時，則表示掉入松花江的化工桶多達7,000個，分別來自永吉縣新亞強生物化工和吉林眾鑫集團兩間企業。在這批化工桶中，有2,500個是裝有三甲基乙氯硅烷，500個裝有六甲基二硅氮烷（HMDS），以每個桶能裝170公斤化工原料，流入松花江的化工原料超過510噸，這比當局前日公佈只有1,000多桶、200多噸多出數倍。 大批藍色的化工桶昨日仍在吉林市段的松化江漂浮，不但冒出刺鼻白煙，部份更加在水面上爆炸、着火，相當恐怖。學者稱，煙霧是化學品遇水後產生的鹽酸，不但江水不宜飲用，大量吸入煙霧更會對人體有害。 防化工桶湧入黑龍江 吉林市民見到江水變異後，前日開始恐慌地湧到各超市搶購瓶裝水，大部份超市放置瓶裝水的貨架都被搶光，有商店更坐地起價，將原來每箱20元（人民幣．下同）的瓶裝水炒至80元。當局雖多次強調水質沒問題，但民眾仍不敢使用，寧可花錢買瓶裝水，當局則運來大批瓶裝水應市。 大量化工桶昨已通過吉林市，往下游推進，當局在沿江設立八重防線，希望可以撈起化工桶，截止昨晚已撈起1,500桶。當局預計化工桶將在三日後進入臨近的黑龍江省。黑龍江除設防線打撈、水質監測外，還將做好污染物清理、稀釋、吸附等凈化工作的準備，衞生和畜牧部門則做好人畜中毒防治救治的準備。 新華社/中新社"
20100730-147,20100730,147,貨車偷排化學物　東莞爆毒氣襲擊驚魂,貨車偷排化學物　東莞爆毒氣襲擊驚魂 東莞莞城鬧市昨日發生毒氣襲擊驚魂。路人突然聞到刺鼻氣味後，紛紛頭暈、流眼淚，嚴重者出現嘔吐迹象。頭戴防毒面具的消防員和環境監察部門接報後，抵達現場調查，並展開搜索近三個小時，初步相信是有人向下水道偷排化學液體所致。當局初步懷疑刺鼻氣味是屬高濃度的鹽酸（Hydrochloricacid）產生或是有中度毒性的含氯有機氣體。 噴水稀釋刺鼻氣味 事發昨日上午9時18分，東城區鬧市107國道東泰花園紅綠燈路口處，路過的行人突然聞到一股濃烈的刺鼻氣味，紛紛感覺到不適。 當局初時以為發生氣體洩漏事故，立即啟動環境突發事件應急預案，市環保、公安和消防等部門都迅速派人趕到現場，其中消防員要開動水喉噴水稀釋刺鼻氣味。而前往記者也要戴着防毒面具或口罩等在場採訪拍照。 直到中午約12點10分，經過近三小時的調查，有關人員終於在離東泰花園紅綠燈路口將近兩公里的地方，找到了刺鼻氣味的源頭。當地村民表示，上午9時許，曾見到一輛三噸左右的貨車在往小路上的下水道裏排放不明液體後，就散出很濃烈的刺鼻性氣味，並令現場雜草也被燒焦枯萎。 現場人員經調查後，懷疑刺鼻氣味可能是下水道的高濃度的鹽酸產生，也有人認為是含氯有機氣體，例如三氯乙烯（Trichloroethylene）等，可致人中樞神經系統損害。當局正作進一步調查。 廣東《廣州日報》/《南方都市報》
20100730-148,20100730,148,真維斯　七匹狼被揭原料不合格國產品牌服裝含致癌染料,真維斯　七匹狼被揭原料不合格 國產品牌服裝含致癌染料 食品有毒、傢俬有毒、連服裝都有毒！北京市工商局通報了一批不合格服裝，包括本港上市公司旭日集團旗下的真維斯（Jeanswest）和由內地影帝胡軍、孫紅雷、張涵予和張震代言的國產名牌七匹狼各有一款榜上有名，分別被驗出易褪色或成份不合格。另兩個牌子被驗出含可致癌的染料。 北京市工商局前日在其官方網站表示，最新一期對市面服裝展開的檢查顯示，共有65種服裝被驗出不合格，主要問題包括成份存在誤導、容易褪色、甲醛（Formaldehyde）超標、含有毒物質等。這些不合格服裝已經被責令在全市下架。 4影帝代言品牌誤導 調查顯示，真維斯有一款短褲被檢出染色牢度不合格。北京市工商局稱，紡織產品使用時和洗滌後的褪色、沾染同洗衣物一直是消費者關注的問題。染色牢度採用五級九檔制評級，其中五級最高，一般標準要求在三級左右。而真維斯不合格的短褲易褪色，影響衣物的使用。 國產名牌七匹狼則有一款女POLO領短T恤衫、堡獅王的一款襯衫、都市米蘭的一款女褲等被驗出成份不合格。工商部門指出，原料的成份含量是商品材質的說明，也是商品是否「貨真價實」的主要內容。如果原料成份的標註不正確，會誤導消費者。 相關產品已下架退市 而檢測發現問題最嚴重的是北京世紀寶鑫錸服裝有限公司生產的「滿福鑫」休閒女式風衣，和河北騰威服裝有限公司生產的「創今威」休閒褲，都含有可分解芳香胺（Aromaticamine）染料。按照內地標準，可分解芳香胺染料在紡織品中是被禁止使用的物質，使用後在與人體的長期接觸中，有致癌的風險。 此外，多款中外名牌的褲子或上衣被驗出存在pH值不合格的問題。而服裝上的pH值過高或過低，會刺激皮膚。北京已對這些不合格服裝進行了下架退市，買到不合格產品的消費者可憑發票退貨，具體情況可瀏覽市工商局網站。 北京《京華時報》
20100730-149,20100730,149,查紫金污染　記者妻離奇被車撞,查紫金污染　記者妻離奇被車撞 內地記者勇於揭發黑幕卻遭受打壓的事件屢見不鮮。近日兩名記者採訪上市公司紫金礦業污染事件後，他們的家人在本周二同日離奇遭遇車禍。網民大多認為具警告意味。另一名浙江記者因報道一上市公司交易內幕，遭當地公安在網上展開全國通緝，但在網民和輿論關注下，昨迫使當地公安撤銷有關通緝，並向當事記者道歉。 記者爆內幕交易被通緝 上海《第一財經日報》記者邵芳卿和北京《中國青年報》記者陳強，連日來均負責採訪福建紫金礦造成汀江污染事件，二人更揭露紫金礦業涉向記者發掩口費。湊巧的是，二人的妻子同在本周二（27日）在福州駕車外出時分別遇車禍，所幸都沒受傷。邵妻在當晚約6時，駕車送兒子和親戚的女兒上興趣班，途中遭一架的士直撞。的士司機解釋是因不小心駕駛。此外，陳妻當日下午，駕車回家途中也遭一架電單車撞中，事後逃走。邵事後說：「（車禍）表面上與紫金礦業並無關係，不過確實很蹊蹺。」 此外，北京《經濟觀察報》記者仇子明因報道浙江上市公司凱恩股份關聯交易內幕，遭到該公司所在地浙江麗水遂昌縣公安局網上全國通緝，理由為「涉嫌損害公司商業信譽罪」。事件曝光後引發廣泛爭議，浙江公安廳責令重新調查後，縣公安局昨撤銷了對仇子明作刑事拘留，並向他道歉。 中新社/南方網
20100730-150,20100730,150,外國客排7天進不了中國館,"外國客排7天進不了中國館 上海世博會開幕近三個月來，參觀人數節節攀升，但當中外國遊客所佔的份額卻相當之少。有上海政協委員透露，有一個外國人連續排了七天亦進不了中國館。他呼籲要把世博會辦成真正的國際性盛會，而非中國博覽會。 「世博」被嘲變「中博」 市政協委員前日討論韓正市長政府工作報告時表示，有一個外國朋友來上海看世博，他最想看的是中國館，於是每天早早去排隊，但是連排七天都領不到預約券，感到非常失望。他稱，在外國觀博遊客中，這並非個別現象。 有與會的政協委員亦透露，在一次與外國企業人員交流過程中，曾邀約對方參觀世博，但該外國友人連連搖頭，以人太多為由拒絕了他的好意。 上海市政協副主席周太彤表示，七、八月是國際上通行的假日，當局應與外國領事館合作，給予外國遊客相對固定的預約券份額，以吸引他們參觀世博。 自今年5月1日開幕以來，截至昨日，參觀世博的累計人數達3,406.48萬人次，而當局設定的目標入園人數是7,000萬人。世博將在今年10月31日閉幕。 上海《勞動報》"
20100730-151,20100730,151,黃華華：粵語普通話應並存,黃華華：粵語普通話應並存 就廣州近期掀起粵語（或稱廣州話）保衞戰一役，廣東省省長黃華華（圖）認為，兩種語言（粵語和普通話）都應該存在。這是迄今廣東省最高層官員對有關普通話和粵語引發的爭議首度表態。 地方語言不構成障礙 黃華華昨日會見台灣傳媒時表示，大陸是多元民族，地方語言有其發展空間，地方語言的存在不會構成障礙，兩者可以互相促進，不相矛盾，都應該繼續保留、推廣。 廣州市政協委員紀可光，本月初向市政府建議，將廣州電視台的綜合或新聞頻道改以普通話廣播，為亞運創造良好的語言環境。有關建議隨即引起廣州市民強烈反彈，引發一場粵語保衞戰，許多80後周日（25）傍晚走上街頭，以實際行動表達反對意見。 此外，黃華華透露，下月他將率領千人經貿交流團訪問台灣，預計採購金額達到52億美元（約403.8億港元）。 中央社
20100730-152,20100730,152,兩岸快線召妓疑雲增陳致中知名度,兩岸快線 召妓疑雲增陳致中知名度 台灣《壹週刊》接連兩期爆料指陳水扁兒子陳致中涉召妓疑雲後，事件反令競逐年底高雄市議員的陳致中提高知名度。台灣名嘴鄭師誠昨日表示，陳競選總部捐款額突然大增。此外，國民黨立委邱毅因不滿陳致中指他就召妓事件「加油添醋、搧風點火」，在昨日搶先控告陳致中妨害他的名譽。 台灣東森新聞
20100730-153,20100730,153,「劫賭場」728萬助窮人　流男兒淚賭俠攬索妻現身　游說富豪濟貧,"「劫賭場」728萬助窮人　流男兒淚 賭俠攬索妻現身　游說富豪濟貧 他是現代羅賓漢，在賭桌上贏錢濟貧的美國賭俠，破天荒現真身。原來賭俠不僅擁有一顆善心，還感情澎湃，自爆幫助窮人帶來的滿足感，令他感動得流下男兒淚。賭俠至今已「劫賭場」60萬鎊（728萬港元）濟貧，正游說其他富豪加入俠義行列。 「我自稱羅賓漢702，因為拉斯維加斯的電話區號，正是702。」賭俠戴上太陽眼鏡和cap帽，用啤牌掩着半邊臉接受訪問，依然不讓外界窺見他的全貌，免被賭場認出，摒諸門外，令他無法再做賭俠。但他不介意自己的妻子亮相，一個漂亮的巴西模特兒，他濟貧的精神支柱之一。 16歲要賺第一桶金 賭俠從來沒有自說身世，這次他不再賣關子。他出身卑微，16歲時決定要賺第一桶金，認為賺錢只有兩個途徑：賭博和販毒。「我不想坐牢，所以選了賭錢。」 最初只是業餘賭徒，偶爾到商店、油站工作。當21點賭術越來越精湛後，他成為職業賭徒，是賭場貴客。數年前他在賭城遇上世界拳擊冠軍劉易斯（LennoxLewis），邀他到自己在凱撒皇宮酒店8,000呎頂層住所參觀。「劉易斯拿出攝影機拍照，那讓我知道自己很成功。」 籌碼堆積如山，他卻沒有冲昏頭腦，良心召喚着他幫助窮人。「我一直很喜歡羅賓漢的電影，尤其是埃洛弗林（ErrolFlynn）演的第一代羅賓漢。羅素卻爾（RussellCrowe）也演得很好。既然羅賓漢在他的時代能劫富濟貧，那麼我都可以在賭城這樣做。」 兩年前他設立網站，邀請有需要的人上載片段，講述要他幫助的原因，最多可獲30,000鎊（36.4萬港元）的援助。網站設立後，美國傳媒大肆報道，他變身成賭俠。 賭俠對自己的賭術信心滿滿，但賭博有輸有贏，手風有順有逆，賭俠一樣。前年他答應為凱格利（Kegler）夫婦贏錢，讓他們替幼女醫治腦癌，但很險，他一度輸掉20萬鎊（242萬港元），幸好最後反敗為勝，為他們贏得24.2萬港元，更用飛機接載凱格利一家到賭城，入住五星級酒店，「讓他們嘗試一下我們的生活」。 「很有滿足感」 俠義的心腸，配的是大情大性。賭俠憶述，他將贏回來的籌碼交給凱格利一家後，「回到自己的房間，就哭起來。能夠幫助他人，甚至改變他們的生命，很有滿足感」。他要將濟貧的精神傳開去，正游說數名億萬富豪幫助窮人，「（藥物零售大亨）拉爾（StewartRahr）對我說他想加入」。 荷李活電影商有意將賭俠的經歷拍成電影，電視台也可能推出他的真人騷。賭俠則希望保持神秘，他只透露自己來自東岸，現年40多歲。他三句不離濟貧：「有錢人應幫助不幸的人。」 英國《每日郵報》 癌症病人受助 賭俠幫助的人來自不同背景，有癌症病人，也有海盜劫案受害人： 2008年 凱格利（Kegler）夫婦，為治療患腦癌幼女麥迪遜，欠下35,000美元（27.3萬港元）債務。夫婦倆超巿一個做日班、一個夜班還債。賭俠感動，為他們贏了24.2萬港元。看着滿桌籌碼，凱格利說：「你經常聽到壞人的故事，但他是個好人。」 南卡羅來納州女士布朗（SandraBrown），為照顧年邁和體弱多病的父母，欠下一大筆醫療費。賭俠為她贏了20,000美元（15.6萬港元），還接她到賭城遊覽一番。 2009年 美國貨櫃船「馬士基阿拉巴馬號」（MaerskAlabama）在索馬里遇上海盜，船員奮勇對付海盜，船長為保護船員請纓做人質，最後全部人獲救。賭俠深受感動，請他們到賭城享受一個周末。 2010年 育有兩名兒女的馬丁內斯（JeffMartinez），患了第四期癌症，已擴散至結腸、肝、腎上腺和肺。醫藥費高昂，他一邊醫病一邊工作，但不夠錢付房貸，被銀行收樓，妻子打兩份工還債。賭俠為他們繳付一年租金和兩年租車錢。 美國霍士新聞頻道/英國《每日郵報》/《蘋果》資料室"
20100730-154,20100730,154,不想懷孕不避孕　法媽媽殺8親生嬰兒,不想懷孕不避孕　法媽媽殺8親生嬰兒 法國一個平靜樸拙的農村，驚爆駭人殺嬰案，警方周二在兩幢房子，共起出八具初生嬰兒骸骨，是法國歷來最嚴重的殺嬰案。涉嫌謀殺至少八個親生骨肉的「和善」中年夫婦被拘捕，昨天（周四）提堂，鄰里不寒而慄，連說「難以相信」。 案發在北部維萊索泰爾特，是個只得620人的農村，距巴黎約200公里。一幢房子的新業主上周六報警，稱在園子翻土時發現嬰兒骸骨，警方派搜索犬到該幢房子，以及原屋主的45歲女兒多米尼克（DominiqueCottrez）在同村的住所搜查，分別起出兩具和六具骸骨，都是裝在膠袋內，隨即拘捕了多米尼克和她的47歲丈夫科特雷茲（Pierre-MarieCottrez）。 任職看護的多米尼克，供稱由1988年起殺害八名親生骨肉，她每次懷孕都沒有告訴丈夫，偷偷誕下孩子後將他們殺掉，原因是她不想再生孩子，也不想看醫生取得避孕工具。丈夫對她懷孕和殺嬰完全不知情。警方鑑證人員昨天繼續在兩所房子搜集證據。 鄰居：她連蒼蠅也不傷害 科特雷茲夫婦昨天提堂，多米尼克被控多項「蓄意謀殺15歲以下兒童」罪，面臨終身監禁，檢察官原本有意控告科特雷茲「未有舉報罪案及非法藏屍」等罪名，但法官以證據不足將他釋放。 八嬰被殺，震動全法，記者由全國各地蜂擁到這個平靜農村。村民都非常驚愕，前晚將鮮花和點着的蠟燭，放在發現嬰屍的房子外。沒有人想到，看來溫暖的紅磚屋竟然是八個小寶寶的葬身地，更難想像的是，被捕的夫婦是有女有孫、家庭美滿的好鄰居。 村民說，科特雷茲夫婦在村裏已住了至少15年，育有兩名20多歲女兒，有幾個外孫。科特雷茲是村議會委員，「已兩度連任，常做義工，是個可敬的人」；多米尼克較內向，少參與村內事，有村民指她體形頗胖，懷孕也不易為人察覺。一名50多歲鄰居形容科特雷茲夫婦「親切友善、樂於助人、彬彬有禮，向來循規蹈矩，絕不會叫人聯想到任何不正常的事」。兩名少女形容多米尼克是個樸實文靜的婦人，「連蒼蠅也不會傷害」。 法新社/英國《泰晤士報》 話你知：兇手患怪病否認懷孕 法國近年頻頻發生恐怖殺嬰案，專家指媽媽兇手得了「否認懷孕」綜合症，她們大多育有健康孩子，又是個模範母親，只因拒絕承認自己懷了身孕而將初生骨肉殺掉。專家說全球每年約有500人患上，只是鮮為人知。 法國之前的殺嬰案兇手是41歲庫爾若（VeroniqueCourjault），她隨夫旅居南韓期間，在2002和03年先後偷偷將誕下的兩名兒子悶死，藏在雪櫃內，被揭發後再供出1999年於法國也曾將生下兒子殺死。律師以她得了「否認懷孕」綜合症作辯，去年被判監八年，但因還柙幾年候審，已在今年5月獲准假釋。 38歲婦人勒薩熱（CelineLesage）親手勒死或悶死六名親生骨肉，今年3月被判監15年。 英國《衞報》/《泰晤士報》
20100730-155,20100730,155,上網連線黑入　櫃員機狂吐錢保安專家研究兩年　可竊用戶密碼,上網連線黑入　櫃員機狂吐錢 保安專家研究兩年　可竊用戶密碼 20多年前的科幻電影《未來戰士續集》有這一幕：主角在自動櫃員機插假信用卡，接上電腦，按幾個掣就令櫃員機吐錢。這個黑客夢想，美國有電腦保安研究員已做到，而手法簡單，用USB手指或上網連線，就能令櫃員機乖乖吐錢，甚至竊取用戶密碼。 賭城拉斯維加斯的「黑帽」（BlackHat）大會，是黑客和電腦保安人員年度盛會。今年風頭躉是IOActiveLabs保安顧問公司的研究部主管杰克（BarnabyJack），他前天（周三）在台上示範兩種方法入侵櫃員機的電腦，令櫃員機吐到一地美金。 杰克針對的是獨立式櫃員機，這種櫃員機非裝置在銀行，而是在超市、油站等零售點，由獨立商家負責營運，人人都買得到。杰克就從網上買了幾部，花兩年時間研究出入侵方法。 杰克示範的第一個方法，需要打開櫃員機面板。由於很多營運商貪方便，部部機都用一條萬用匙開。他就從網上買了條萬用匙，打開Triton生產的櫃員機面板，露出供維修檢查櫃員機電腦用的USB插頭，插入USB手指，修改內置程式，這樣就控制了櫃員機吐錢。 廠商已修改程式漏洞 第二個方法更厲害，網上遙控，只需反覆嘗試找到櫃員機的連線電話號碼或IP位址就可以。杰克在示範中用手提電腦無線上網，入侵Tranax生產的櫃員機，修改內置程式，跟着在櫃員機輸入特別密碼或用特製控制卡，啟動特別選擇清單，令櫃員機不斷吐錢，更可記錄其他用戶的銀行卡號碼和密碼造假卡。 兩個廠商的櫃員機都採用微軟視窗CE作業系統，但杰克指漏洞出於廠商的內置軟件（firmware），Triton的問題是容許系統執行未授權的程式，Tranax的問題是遙距監控功能有漏洞。他示範前已通知兩公司，Triton發出了修改程式，Tranax則呼籲營運商關掉遙距監控功能。杰克未試過銀行或其他廠商的櫃員機，但不排除可用類似方法入侵，「我不會天真到以為只有自己才做得到」。 美聯社/路透社/Wired.com網站 USB手指入侵法 1)用網上買來的櫃員機萬用匙，打開櫃員機面板 2)將載有惡毒程式的USB手指，插入面板後的USB插頭，修改櫃員機內置程式 3)控制櫃員機隨意吐錢 上網連線入侵法 1)反覆嘗試找到櫃員機的連線電話號碼或IP位址後，用電腦上網以特製程式入侵櫃員機，修改內置程式 2)櫃員機任由黑客控制，可指示它吐錢，甚至紀錄用過該機的卡主的銀行卡號碼和密碼
20100730-156,20100730,156,專家集1億用戶資料揭facebook私隱漏洞,專家集1億用戶資料 揭facebook私隱漏洞 社交網站facebook用戶最近突破5億大關，美國網絡保安顧問鮑斯（RonBowes），只用簡單程式，就搜集了1億facebook用戶的個人資料，如姓名、身處地區和電郵地址等，前天（周三）在BT網絡公開這些資料檔案，可以任人下載，再次令公眾關注facebook用戶的私隱問題。 facebook辯稱，鮑斯只是搜集用戶同意公開的資料，那些資料人人都可以用搜尋器找到，強調沒有個人資料外洩。鮑斯卻指facebook的私隱設定十分混亂，往往令用戶不為意下公開太多資料，易遭濫用，這次公開資料庫就是為了點出這問題。 英國《每日電訊報》
20100730-157,20100730,157,小報聲稱克林頓剩半年命,小報聲稱克林頓剩半年命 美國前總統克林頓（BillClinton）的獨生女切爾西（Chelsea）明天（周六）出嫁之際，八卦雜誌《Globe》爆料，指克林頓因病魔纏身，將不久人世，僅餘半年壽命，恐怕看到外孫出生的遺願無法達成。 63歲的克林頓患有心臟病，2004年曾接受四重心臟搭橋手術，為四條幾乎完全栓塞的冠狀動脈造繞道。今年2月因一條搭橋血管栓塞，要接受「通波仔」手術。 但《Globe》今期頭版頭條報道，克林頓除了患上心臟病，還患有柏金遜病，醫生說克林頓的壽命只剩下半年。 克林頓上周開出「遺願清單」，惹人關注他為何突然提到死亡。他說最大願望是在有生之年看到外孫出生，還希望世上所有小孩都有機會實現自己的夢想，不會夭折；其次是在坦桑尼亞乞力馬扎羅山融雪前登山及跑一次馬拉松。 中新網
20100730-158,20100730,158,煙頭灼背　潑滾糖水英女夥友凌虐情敵18小時,煙頭灼背　潑滾糖水 英女夥友凌虐情敵18小時 英國一名惡女不滿昔日好友「撬牆腳」，夥同朋友將情敵通宵禁錮18小時瘋狂凌虐，試過打暈對方後再用煙頭灼醒她，用金屬鏈打她的頭，穿高踭鞋對她拳打腳踢。惡女前天（周三）判入獄五年，同謀判監三年。 情敵後腦受創　斷鼻骨 22歲被告瓦伊納──穆德（LucyViner-Mood）和18歲芬恩（GeorgiaFenn）本來情如姊妹，但她指芬恩「撬牆腳」，今年3月28日晚夥同18歲好友吉布森（LoisGibson），在肯特郡寓所與芬恩理論。 三人初則口角，繼而動武，瓦伊納──穆德一腳把芬恩踢跌暈倒後，就和吉布森向她施以酷刑：用煙頭在背部灼醒她，剪掉她的馬尾辮，用打火機燒她的頭髮和皮膚，用金屬頸鏈打她的頭，用混入砂糖的滾水潑她，穿高踭鞋對她拳打腳踢，甚至狂噴空氣清新劑企圖點火。 慘遭凌虐，芬恩後腦受創，雙眼腫得睜不開，鼻骨斷裂，嘴唇紅腫，一隻牙打甩，臉有鞋印，全身煙頭印倒卧血泊中，翌日下午才被丟出單位，全身披血送院。 警方上門拉人，控告瓦伊納──穆德和吉布森禁錮和嚴重傷人罪，兩人含淚認罪，前天判刑。芬恩則精神受創，需要長時間治療。 英國《每日郵報》
20100730-159,20100730,159,澳洲小姐民族服成國恥,澳洲小姐民族服成國恥 啡色「泳衣」配彩虹裙，搭上短袖羊毛披肩，還有有踭Ugg靴……這套「拉雜成軍」裝束竟是代表澳洲的「民族服裝」。下月將要穿在澳洲小姐坎貝爾（JesintaCampbell圖）身上，讓她在美國角逐環球小姐寶座。澳洲傳媒怒斥奇裝「令國家淪為笑柄」。 英國《每日電訊報》
20100730-160,20100730,160,超級蒼蠅襲英　愛吸人血,超級蒼蠅襲英　愛吸人血 英國一種愛吸人血的超級蒼蠅，最近入侵城鎮，被牠們咬一口，傷口發炎，腫得像高爾夫球般大，更會出現感冒症狀，要入院治療。 超級蒼蠅的正式學名是布蘭德福德蠅（Blandfordfly），以往只在英格蘭南部鄉郊河流溪澗出沒，但過去10年來，城鎮內舉行越來越多與水有關的活動，把牠們吸引過來。由於體積極小，牠們能穿過衣服咬人一口。高爾夫球手保特上月就因為被昆蟲咬至嚴重感染，退出法國公開賽。住在薩里郡的馬西，早前在花園被超級蒼蠅叮了左腳一口，傷口越來越紅和腫，「兩名兒子以為我要變成喪屍」。五天後他被送入院，至少住院一星期。 英國《每日郵報》
20100730-161,20100730,161,人字拖年傷英國20萬人,人字拖年傷英國20萬人 女士們近年潮穿人字拖，但原來穿得多容易扭傷、腳部筋腱勞損甚至跌倒而受傷，英國每年就有逾20萬人因穿人字拖受傷而要求診。 專家指，薄而平的人字拖沒承托力，長時間穿着走路會增加腳部壓力，易令脛部筋腱勞損；穿人字拖的人也經常會扭傷足踝，所以醫生奉勸不宜長時間穿人字拖。 英國《每日郵報》
20100730-162,20100730,162,蘋果膺全球最有價值品牌,"蘋果膺全球最有價值品牌 蘋果產品最近頻頻出事，iPhone4天線被指接收差，iPad和iPodNano充電時會過熱，但是是非非暫時仍無阻蘋果成為全球最有價值品牌。 美國財經雜誌《福布斯》計算100大公司在除稅和除息前的盈利、各品牌在業內盈利能力，結果發現科技品牌表現最佳，在頭50個品牌中就佔了30%，當中蘋果公司市值逾4,477億港元，擊敗宿敵微軟（逾4,414港元），榮登最有價值品牌榜首。 美國《福布斯》 全球40大最有價值品牌榜 1)蘋果公司 2)微軟 3)可口可樂 4)IBM 5)Google 6)麥當勞 7)通用電氣 8)萬爗路 9)英特爾 10)諾基亞 11)豐田 12)思科 13)Vodafone 14)Hewlett-Packard 15)AT&T 16)寶馬 17)Oracle 18)LouisVuitton 19)平治 20)迪士尼 21)吉列 22)本田 23)沃爾瑪 24)百事 25)Verizon 26)UnitedWay 27)任天堂 28)百威 29)雀巢咖啡 30)SAP 31)Nike 32)美國運通信用卡 33)三星 34)歐萊雅 35)滙豐 36)黑莓 37)宜家 38)Frito-Lay 39)Canon 40)WellsFargo 資料來源：美國《福布斯》"
20100730-163,20100730,163,抗皺霜洗衣球　絕世搵笨法寶,抗皺霜洗衣球　絕世搵笨法寶 人人都說科技發達令生活更便利，但其實不少所謂「必買」產品，根本「搵笨」。英國消費者權益組織「Which?」進行測試，選出十款報稱功效與實際不符的無謂產品： 1)滑冰機（Smoothiemaker）： 昂貴又難清洗，而且一般攪拌器也能炮製出smoothie 2)家居清潔劑： 毋須買不同用途的清潔劑，一支多功能清潔劑已足夠 3)抗皺霜： 價格相宜的潤膚霜有相同功效 4)神奇乾衣球： 完全沒有縮短乾衣時間、令衣物柔順或減少皺摺的作用 5)洗衣球： 用30℃溫水洗衣，跟只用清水沒大分別 6)小型相片打印機： 昂貴又無謂，用一般打印機已可 7)防褪色洗衣紙： 要防止衣物褪色，按衣物標籤洗衣即可 8)節省煤氣裝置： 放在爐頭的金屬網，據報能令火更猛，縮短烹調時間，但把開水煮滾，反而多花了2分47秒 9)汽油添加劑： 在測試中未有明顯提高汽油效能 10)花生醬機： 20分鐘才弄出40克花生醬 英國《每日郵報》
20100730-164,20100730,164,科幻電影橋段　電子書飛天車成真,科幻電影橋段　電子書飛天車成真 科技年代，世界有不少科幻成真： 太空旅遊 小說《2001太空漫遊》情節，維珍銀河公司的「太空船二號」已獲300人報名遊太空 動作控制電腦 1951年電影《地球停轉日》中用手移動電腦螢幕數據，iPhone已實現，微軟的Kinect更用身體動作打機 電子書 科幻小說《ReturnfromtheStars》預言書籍會成為歷史，隨Kindle和iPad面世，電子書大行其道 3D印刷 電影《星空奇遇記》中有儀器可複製任何物件，美國Makerbots公司研製出3D打印機，可複製小型立體塑膠物 飛天車 卡通片《TheJetsons》中的主角用飛天車代步，美國Terrafugia飛天車，最快明年底推售
20100730-165,20100730,165,「喵特拉」大召集寸爆希魔,「喵特拉」大召集寸爆希魔 德國納粹狂魔希特拉（AdolfHitler）挑起世界大戰，殺人如麻，似他那個「貓樣」真會犯眾憎。但混種貓咪有班紋，鼻子下方若剛好長了鬍子般的花紋，會像極希特勒！一名英國人就特別成立「喵特拉」（Kitler）網站，只要貓主人覺得自己的貓咪長得似希特勒，都可上貼。 美國有線新聞網絡（CNN）最近報道，「長得像希特拉的貓咪」網站爆紅，網上的「喵特拉」照片，已逼近5000張照片。但對於這個網站，人們反應兩極。許多人覺得爆笑，「貓咪長得那麼似希特拉，真是酷極了」。但也不少民眾至今對希特拉的暴行反感，認為「雖然我愛貓，但把可愛的貓咪比喻成可惡的希特拉，實在不好笑！」 美國有線新聞網絡
20100730-166,20100730,166,女護士勾引垂危病人做愛,女護士勾引垂危病人做愛 英國一名淫賤女護士，勾引一名等待心肺移植手術的垂危病人大玩性遊戲，東窗事發，周二遭護士及助產士委員會裁定違反職業操守，判處停職一年。 女護士貝利斯（RebeccaBayliss），29歲，在伯明翰一間醫院（圖）當了護士四年。2008年2月，A病人因患上囊腫性纖維化病，入院等待做手術移植心臟和肺部，貝利斯當時有男友，但在照顧病入膏肓的A時戀上他，竟勾引他做愛，兩人偷情三個月。 貝利斯還在facebook吹噓每次跟A做愛都會開動氧氣樽，又使用擴張支氣管的噴霧氣，免他隨時缺氧。上司得悉後曾勒令她不得接觸A，但她繼續偷偷和A上床。最後A向醫院心理學家透露姦情，院方介入調查。A向調查員說，貝利斯跟他做愛對「病情確沒很大幫助」。 英國《太陽報》
20100730-167,20100730,167,婦人露營裝死避過熊咬,婦人露營裝死避過熊咬 《伊索寓言》裏有一段故事，講兩個朋友行山遇上熊，手腳靈活的朋友爬上樹，另一個則裝死，逃過大難。沒想到在現實生活，一名在美國黃石國家公園露營的加拿大婦人，熟睡中遭大灰熊咬住手臂，她一時情急下裝死，竟令灰熊失去襲擊她的興致。 58歲的弗莉（DebFreele）前天（周三）凌晨在帳幕酣睡時，突然感到「手臂劇痛，還聽到啃骨頭的聲音，我尖叫起來，似乎令到這頭灰熊更興奮，牠再大啖噬咬着我的手臂」，她心想這回死定，成為灰熊的晚餐，突然想到裝死的念頭，於是放鬆全身肌肉，很快就感到灰熊鬆開嘴巴，然後離開。 弗莉指，灰熊襲擊她持續了35至40秒，而睡在附近帳幕的丈夫卻一直懵然不知，直至灰熊離開才醒過來。 路透社
20100730-168,20100730,168,玲瓏集,玲瓏集 美國模特兒DeniseMilani
20100730-169,20100730,169,中證監邀內地基金　提交小QFII建議獨家報道　港人快可直接買A股,中證監邀內地基金　提交小QFII建議 獨家報道　港人快可直接買A股 本港正爭取內地當局，允許開闢境外人民幣資金回流投資A股的「小QFII」渠道，市場消息透露，中證監自上周起陸續邀請一些內地大型基金公司，就計劃推出小QFII產品結構、風險管理及回報等，提交初步建議。市場估計，首批小QFII額度有限，規模僅約百多億元（人民幣．下同）水平。 記者：劉美儀　尹燕麗　高淑嫻 華廈、南方及嘉實等內地大型基金公司，有望成為首批獲配置小QFII額度的機構，而國泰君安（1788）、申銀萬國（218）及海通等，亦爭取獲選入首批試點名單內。 國泰君安申萬爭作試點 據悉，已有內地大型基金公司向監管當局遞交小QFII產品建議，獲邀機構須最遲於本月內提交建議，闡明銷售對象、風險承受程度、監控管理及投資範圍等，首批獲准的小QFII額度，會直接配置予試點基金公司，並經本港銀行或保險公司作跨境銷售代理。 消息透露，一間具有中資銀行背景的資產管理公司，上周收到有關指示之後，亦在籌備推出可以買賣A股的小QFII產品。不過，有消息人士坦言，沒收到任何指引，會準備邊行邊試。 另一中資證券行高層坦言，多間基金公司都在積極設計及籌備小QFII產品，涉及商業秘密，暫時不願透露端倪；他認為，推出小QFII產品，投資者教育與風險管理都相當重要，至於回報指標，要視乎市場對人民幣升值預期與A股前景而定。 研產品結構風險回報等 所謂小QFII，是指內地再開通另一條類似QFII（合格境外機構投資者）的管道，讓境外人民幣資金毋須經過結滙，直接以人民幣滙入，投資內地股票或債券基金市場；透過本港人民幣新修訂《清算協議》下，證券基金公司均可在銀行開立人民幣賬戶，本地銀行可扮演內地基金的代售窗口。 03年1月QFII初面世時，首批試點總額為100億美元，07年再加碼200億美元，至合計300億美元。 國泰君安董事總經理王冬青表示，很希望並有信心成為小QFII首批試點機構，該公司正按照程序進行部署，具體則要配合法規公佈。被問及國泰君安是否已向中證監提交申請，他說暫時不可披露。他又認為，小QFII的推進須循序漸進，剛開始不能太多，亦毋須用盡本港逾800億元存款。 具體條例未出台成阻礙 中國太平（966）旗下太平證券總經理胡志雄亦表示，小QFII增加了境外人民幣投資的渠道，公司對此感興趣，惟現階段只屬「初步研究」。 申銀萬國及海通證券也向本報透露，目前唯一障礙是具體條例並未出台；申銀萬國副總經理白又戈稱，推出產品應「無難度」，最終視乎國家政策，至於是否已向監管當局提交申請，則拒絕置評。 恒生銀行（011）投資顧問服務主管陸庭龍認為，小QFII的推出，是配合中港跨境人民幣業務平台雙向流動的需要，故會以額度不大、風險不高為原則，資金流出流入亦必須可以追蹤及受控。 參考目前內地人民幣債券基金的表現，陸庭龍則估計，小QFII產品年度回報率介乎4至5%，首批可能只有數間基金公司獲選為試點機構。
20100730-170,20100730,170,兩貴價地皮招標,兩貴價地皮招標 【本報訊】豪宅樓價已大超97年高峯，在傳統豪宅區擁有地皮的業主，也趁市旺出售物業，其中山頂道20號及跑馬地藍塘道69號分別委託代理出售。 韋堅信測量師行商業及投資部董事許偉國稱，藍塘道69號包括地下、1樓及天台，總建築面積約7500方呎。 藍塘道69號估值6000萬 業主以現狀連租約招標出售，下月31日截標，物業估值約6000萬元。 仲量聯行香港資本市場主管曾煥平指，山頂道20號佔地約25764方呎，現為一幢兩層高獨立屋，地契規定限建1幢35呎高洋房，買家如欲重建成多幢洋房，須向政府補地價，該地可建樓面近1.3萬方呎。 他認為，由於山頂區地皮供應稀缺，除本港富豪外，現有數名內地富豪對地皮有興趣，且地皮面積又不大，故不排除其成交呎價可超越早前由恒地（012）李氏家族購入的同區白加道地皮，其每呎樓面地價超過6.82萬元。該地皮將於9月15日截標，不排除截標前售出。
20100730-171,20100730,171,歐洲收緊借貸要求劣資產抵押央行扣7成　銀行添壓,歐洲收緊借貸要求 劣資產抵押央行扣7成　銀行添壓 【本報綜合報道】歐洲央行收緊銀行借貸要求，明列各類抵押品的折扣率，當中質素最差的抵押品折扣率可高達69.5%，明年1月起生效。分析員相信，當局此舉旨在減少銀行利用低質抵押品借貸，避免央行承接過多「劣質」資產自保，意味銀行將較難向歐央行借貸。 與此同時，標普最新報告警告，隨着歐央行撤回緊急援助措施，業界未來兩年將面對更嚴重的融資問題。 明年生效門檻未大幅調高 新借貸準則將於明年1月1日生效，按照資產類別、年期及信貸評級列出不同的折扣率，年期越長、評級和流動性越低的資產，其折扣率越高，例如評級達A-或以上的1年期主權債務折扣率僅0.5%；而評級介乎BBB+至BBB-、年期逾10年的逆向浮息票據折扣率，則高達69.5%。 評級達A-或以上的資產抵押證券折扣率，則由12%上調至16%，而評級達A-或以上的主權債務折扣率，則維持不變。而只有理論價值、而沒有可靠市場價值的證券則需另加5%折扣。提升折扣率將令銀行向該行借貸的成本增加，以10%折扣率計，銀行只能取得相當於抵押品價值90%的貸款。 歐央行強調，今次安排不會令合資格貸款抵押品的範圍過度縮窄，又警告該行有權禁止或限制銀行利用部份資產作為貸款抵押品，以阻止銀行將質素差劣的資產傾卸到該行資產負債表上。東方滙理經濟師Ducrozet稱，新貸款準則雖然略較預期嚴謹，但新修訂主要針對低質素資產，相信不會對銀行融資構成太大影響。法興經濟師Baader則表示，歐央行開始正視其資產負債表上的信貸風險。 標普：銀行融資錯配嚴重 歐央行在金融海嘯期間放寬抵押品限制，將抵押品評級下限由A-降至BBB+，即僅高於垃圾級，為免所承接的資產質素每況愈下，該行4月時已透露擬收緊借貸準則。該行向區內銀行貸款的金額去年增加28%至2萬億歐元（約20.3萬億港元），其中1.3萬億歐元或三分之一貸款抵押品將面臨更高折扣率。 另一邊廂，標普最新報告警告，歐洲區內銀行已積聚30萬億歐元債務，隨着歐央行撤回緊急援助措施，業界未來兩年將面對更嚴重的融資問題。標普又指，歐央行不再提供1年期貸款，僅提供3個月期貸款的做法，令銀行貸款的續期風險更集中，迫使其與急需融資的政府在市場上爭奪貸款，並令銀行業融資錯配問題越趨嚴重。
20100730-172,20100730,172,債王：股債數年內回報僅5%,債王：股債數年內回報僅5% 【本報綜合報道】全球最大債券基金PIMCO投資總監格羅斯，在其每月發表的投資展望中，指出美國及其他發達國家的人口老化和增長放緩，在未來5至10年內將拖慢經濟增長步伐。 在環球金融危機過後，各國現時都忙於減少債務負擔，而人口一直減少的趨勢，更限制經濟增長的速度。「未來消費者人數佔全球總人口比例將下跌，消費力較弱的老年人卻不斷增加。」他續指，兩者將是拖慢經濟增長的主要因素。 指人口老化拖慢經濟 有債王之稱的格羅斯昨接受彭博電台訪問時重申，對經濟進入「新常態」的觀點，指投資者若要求回報高達10%或更多是很困難的事。「在這個全球正在去槓桿化、加強監管及去全球化的期間，經濟增長及投資回報將低於平均歷史水平。」他呼籲投資者有心理準備，在未來數年債券及股市只會大概有4%至5%的回報。 儲局：部份地區增長放緩 由於投資者對債王的眼光十分有信心，他表示旗下的債券基金受追捧，一周內已吸納近10億美元（約78億港元）資金。由格羅斯管理的TotalReturnFund，在過去12個月回報率達13%，跑贏了64%同類型基金。 另外，美國聯儲局日前公佈褐皮書，指部份地區的經濟增長在剛過去的兩個月，出現放緩迹象，主要是受疲弱的商業房地產及置業稅務優惠完結的影響。 報告指經濟活動自上次公佈褐皮書後仍在擴張，而12間聯儲銀行所轄地區中，分別有兩區增長穩定和兩區經濟放緩，其餘地區經濟也見增長。 報告的調子與聯儲局主席伯南克上周出席國會聽證會時同出一轍，指美國經濟總體來說仍在增長，但增長速度較去年同期放慢。報告反映12間聯儲銀行在本月19日，就所屬地區的經濟狀況進行的評估。
20100730-173,20100730,173,經濟信心兩年最強歐元越1.31,經濟信心兩年最強歐元越1.31 【本報綜合報道】美國上周新申領失業救濟人數回落，重燃市場對就業復蘇的希望，歐元區經濟信心指數又創逾兩年新高，紓緩當地陷入雙底衰退的憂慮，加上埃克森美孚、摩托羅拉去季盈利報捷，刺激道瓊斯工業平均指數昨早段最多升87點。 惟投資者觀望今日公佈的次季經濟增長數據，先行沽貨離場，拖累道指一度倒跌。 道指早段漲87點後倒跌 開市後兩小時（本港時間昨晚11時半），道指跌56點，報10441點；納斯達克綜合指數挫25點，報2239點。MSCI亞太指數昨跌0.2%。 歐元區7月經濟信心指數由上月的99.1，上升至101.3的28個月新高，勝預期；而德國7月失業率亦跌至7.6%，符預期之餘，更連跌13個月，刺激歐元昨升至兩個月高位，一度升1.12美仙，報1.3106美元，英股尾市升0.3%，法、德股市尾段跌0.1%至0.5%。 經濟數據方面，美國上周新申領失業救濟金人數減1.1萬人，至45.7萬人，略少過預期的46萬人；持續申領人數則增加8.1萬人至456.5萬人，多過預期的450萬人，數據顯示就業市道續緩慢復蘇。 業績方面，在油價及產量上揚雙重利好消息下，埃克森美孚去季純利激增91%至75.6億美元（約589.7億港元），每股盈利1.6美元，勝預期的1.45美元，增幅亦為7年以來最大，而營業額亦增加24%至925億美元，但差過預期；該股昨曾漲1.6%。受流動網絡設備銷售強勁帶動，摩托羅拉上季盈利按年勁升逾5倍，至1.62億美元，扣除特殊項目每股盈利9美仙，勝預期，銷售額則微跌1.5%至54.1億美元；期內手機銷量達830萬部，其中智能手機佔270萬部，兩者均略勝預期。 雖然截至目前為止，分別有多達77%及64%標指成份企業的盈利及營業額勝過預期，但專家警告，企業現時持有的現金多達1.8萬億美元，意味縱使去季豬籠入水，企業依然不敢貿然增加資本開支，對擴充業務仍存戒心，不利業務前景。
20100730-174,20100730,174,新西蘭又加息紐元反跌,新西蘭又加息紐元反跌 【本報綜合報道】新西蘭央行昨一如市場預期連續第二個月加息，但暗示隨着外圍及內部因素轉弱，當局將放慢加息步伐，加上行長出口術唱淡，令紐元不升反跌。 將放慢加息步代 新西蘭儲備銀行加息0.25厘，令官方基準利率升至3厘，行長博拉爾德會後認為，未來仍須進一步收緊寬鬆的貨幣政策，但由於該國主要貿易夥伴的增長前景已轉壞，加上商品價格回順，未來的加息步伐和力度，將較6月時預測為低。 事實上，新西蘭上月貿易盈餘按月大減61%，至2.76億紐元（約15.5億港元），遠差過市場預期的3.68億紐元，其中出口減少9.8%至37.8億紐元，主要受奶類製品、肉類、生果等出口貨下滑拖累。 博拉爾德指當地內部需求亦受壓，將削弱本土消費增長，進一步拖慢經濟復蘇。 通脹方面，他指本月開始實施的排放交易計劃會推高能源價格，10月1日起增加的銷售稅亦會刺激物價向上，但相信兩者只會帶來短暫影響，暗示加息壓力不大。 基於央行暗示放慢加息，部份分析員估計紐央行於9月會議中會按兵不動，但普遍認同今年仍會加息。 滙市方面，博拉爾德指紐元近期的升勢與上述經濟狀況不符，暗示紐元幣值過高，加上市場對短期再加息的期望降溫，紐元一度挫見72.02美仙，跌0.71美仙。
20100730-175,20100730,175,母准購富豪　吉利憧憬注資,母准購富豪　吉利憧憬注資 【本報訊】中新社引述消息人士稱，發改委與商務部分別於上周及本周，通過了吉利汽車（175）母公司吉利集團收購富豪汽車（Volvo）的申請，最快下周一簽訂最終協議。受到市場憧憬吉利最終會獲注入富豪資產所刺激，吉利昨一度急升11.7%。 吉利漲11% 報道指出，完成交易後，身兼吉利汽車主席及吉利集團董事長的李書福，將出任富豪董事長，而為收購特意成立的收購項目公司－上海吉利兆圓國際投資有限公司，則正準備外滙，預期數天內會將81億元人民幣的註冊資金兌換為美元，支付有關收購。 市場曾經擔心收購會遭歐盟委員會阻撓，但該會於月初表示，吉利收購富豪不會明顯阻礙歐盟區域內的有效競爭，雙方均不會對競爭對手造成損害，因吉利旗下汽車幾乎不在歐洲市場銷售，而富豪在歐洲作為汽車部件供應商，規模亦非常有限。 吉利汽車管理層早前雖已多次表明不會參與是次收購，目前亦沒有計劃將相關資產注入上市公司內，但收購富豪獲批的消息，仍然刺激吉利股價昨「由頭升到尾」。吉利昨以貼近全日高位收市，報2.95元，升11.32%，成交金額亦大升至6.31億元。 與大市比較仍相對落後的汽車板塊，昨亦一併「炒上」。華晨中國（1114）升4.82%至3.26元，駿威汽車（203）升2.08%至3.93元，東風（489）升2.85%至10.82元。 長城汽車（2333）昨發盈喜，預期上半年純利按年增長逾50%，主因集團汽車銷售額增加所致。
20100730-176,20100730,176,中鋁代母夥力拓發展鐵礦,中鋁代母夥力拓發展鐵礦 【本報訊】作為央企的中鋁公司與力拓在西非項目的合作，最終由上市公司中國鋁業（2600）推進，中鋁昨日在北京與力拓簽約，共同發展西非畿內亞鐵礦項目。按資源量計，中鋁今次參與發展的西非鐵礦，規模更勝中信泰富（267）位於西澳洲的礦山，令中鋁搖身一變成為本港鐵礦石企業巨頭。 鐵礦石業務冠港企 單按年產量及資源量計算，該礦規模可與中信泰富的西澳鐵礦媲美，今次中鋁入股的西非鐵礦已控制及推斷儲量為22.5億噸，項目總資源量可能高達50億噸，預計首期項目投產後，年產量不少於7000萬噸，而鐵礦石的品位預計介乎66%至67%之間。至於中信泰富的西澳鐵礦資源量僅約20億噸，年產最多7000萬噸。 據力拓昨發出的新聞稿，雙方在北京簽署具約束力的合作協議，具體合作方式與3月份中鋁公司與力拓簽訂內容大致相同，力拓將與中鋁組成合資公司；中鋁將於未來2至3年分期將13.5億美元（約105.3億港元）投入於合資公司，以取得合資公司47%股權，餘下53%由力拓持有。合資公司持有畿內亞鐵礦95%股權。 力拓首席執行官艾博年指出，未來雙方將繼續投入大筆資金，預計5年內項目將可投產。 力拓自06年以來，已投入6.5億美元發展有關項目。 據中鋁昨晚發出的公告指出，合資公司董事會最初由力拓指派3名董事，中鋁則指派2名董事共同組成。中鋁股份申請今日復牌，停牌前報6.71元。
20100730-177,20100730,177,亞太區股市,亞太區股市 日本：9696.02　-57.25(-0.59%) 澳洲：4524.07　-5.87(-0.13%) 新西蘭：3033.02　+10.84(+0.36%) 新加坡：2997.65　+12.27(+0.41%) 馬來西亞：1358.41　+3.22(+0.24%) 泰國：854.59　+0.81(+0.09%) 台灣：7798.99　+14.18(+0.18%) 南韓：1770.88　-2.59(-0.15%) 菲律賓：3429.10　-22.81(-0.66%) 印尼：3096.82　+39.34(+1.29%) 印度：17992.00　+34.63(+0.19%)
20100730-178,20100730,178,內地股市,內地股市 深綜指：1076.88　+4.92(+0.46%) 深A指：1128.01　+5.06(+0.45%) 深B指：654.72　+6.96(+1.07%) 滬綜指：2648.116　+14.45(+0.55%) 滬A指：2775.538　+15.18(+0.55%) 滬B指：237.587　+0.76(+0.32%)
20100730-179,20100730,179,歐美股市及美債,歐美股市及美債 美股道指：10532.70　+34.82(+0.33%) 美股納指：2264.44　-0.12(-0.01%) 美股標普500：1108.81　+2.68(+0.24%) 英國：5352.38　+32.70(+0.61%) 德國：6171.64　-7.30(-0.12%) 法國：3680.57　+10.21(+0.28%) 美國10年期債息：3厘　+0.02厘
20100730-180,20100730,180,五萬元入場信銀港推人民幣結構存款,五萬元入場 信銀港推人民幣結構存款 中信銀行國際昨推出保本型一年期人民幣結構性存款產品，入場費5萬元人民幣，有關產品主要根據澳元兌美元於存款期內的滙率走勢，以釐定投資者的回報，最高潛在年回報率達3.5厘，最少也可獲年利率1厘。 屬保本型　回報最高3.5厘 該行執行副總裁兼財富管理及零售信貸部主管劉月屏表示，認購期由今日起至8月5日止，之後會否加推視乎市況及反應。她稱，投資者對人民幣前景甚具信心，該行自兩周前推出達1.8厘的高息定存以來，截至本周二的人民幣存款已較6月底升5%。 劉月屏續稱，該行會考慮推出更多具吸引力的人民幣產品供客戶選擇，例如單看人民幣滙率升跌決定息率回報的結構性產品；該行亦研究推出高回報的人民幣保險產品。 此外，她又強調，雖然市場長遠共識是人民幣會升值，但短期難免面對政策性消息影響，最近市場對人民幣升值的憧憬亦有所放緩，故提醒投資者在購買產品時須注意所能承受風險。
20100730-181,20100730,181,貴金屬及商品,貴金屬及商品 盎斯金#：1166.10　+2.50(+0.21%) 九九金：10793.00　+13.00(+0.12%) 白銀#：17.69　+0.22(+1.26%) 白金#：1565.00　+25.75(+1.67%) 倫敦期銅#：7249.50　+79.50(+1.11%) 紐約期油#：78.28　+1.29(+1.68%) CRB商品指數：269.90　+3.74(+1.41%) #單位：美元
20100730-182,20100730,182,主要貨幣滙價,主要貨幣滙價 歐元 兌美元：1.3084　兌港元：10.1586　+0.0649 日圓＊ 兌美元：87.11　兌港元：8.9120　+0.0314 英鎊 兌美元：1.5610　兌港元：12.1261　+0.0097 瑞郎＊ 兌美元：1.0402　兌港元：7.4618　+0.1110 澳元 兌美元：0.9020　兌港元：7.0022　+0.0637 紐元 兌美元：0.7242　兌港元：5.6232　-0.0274 加元＊ 兌美元：1.0330　兌港元：7.5102　+0.0301 人民幣＊ 兌美元：6.7761　兌港元：87.32　+0.0500 （歐美股市、滙價、貴金屬、商品價截至23:00 ＊為每美元滙價
20100730-183,20100730,183,人行智囊爆料「人民幣僅會小幅波動」,人行智囊爆料「人民幣僅會小幅波動」 【本報訊】中國重啟滙改一個多月，人民幣並未如西方預期般一路升值。人民銀行貨幣政策委員周其仁表示，中國在盯回一攬子貨幣制度下，人民幣滙率的波動可上可落，但只是小幅的。 記者︰尹燕麗 周其仁表示，考慮到外向型企業的利益，人民幣不能一次性波動太大。瑞信亞洲區首席經濟分析師陶冬表示，這的確是中國目前應該做的，也與事實相符。 周其仁︰須顧及外向型企業 陶冬稱，自6月19日中國重啟人民幣滙改後，海外媒體預測人民幣即將升值，內地媒體則預測人民幣可升可跌，而過去1個月的情況反映，內地媒體是正確的。 周其仁表示，滙改以後，被動地超發貨幣得到相當程度的緩解，下半年貨幣政策自主性增強，可靈活調控宏觀經濟。他指出，人行此前投放的貨幣存量仍較大，故仍關注通脹壓力。人行副行長胡曉煉在人行網站兩周內發佈4篇文章，當中亦提到有管理的浮動滙率，有助於提高宏觀調控的主動性，增強貨幣政策的有效性，改善宏觀調控能力，抑制通貨膨脹和資產泡沫。 中國人民銀行研究局局長張健華表示，2010年全年居民消費價格指數（CPI）漲幅料在2.8%左右。 對於目前通脹預期正在減弱，是否可不再擔憂通脹問題，周其仁說，若有流動性過剩和通脹預期同時存在，通脹就會變成問題，而通脹預期也會改變。對此，陶冬表示，人民幣升值對通脹和進口有幫助，但更需要看到，滙率政策是貨幣政策的延續，是貨幣政策的一部份。 法巴︰人幣不會單邊升值 陶冬預測，人民幣將更靠近市場化方向。未來12個月，人民幣將在可升可跌中升值2%至3%。5年後，當消費成為中國經濟增長的主要動力後，內部升值壓力加大，人民幣才會大幅升值。 法巴（亞洲）董事兼高級經濟師孟原也表示，人民幣不會單邊升值，而會更多地參考一攬子貨幣，預計至第三季末，人民幣兌美元為6.7左右，第四季保持相對穩定，而明年則會升值3%。 重啟滙改後，人民幣兌美元在兩周內，小幅升值約0.8%，之後暫緩上升步伐，在6.77至6.78之間反覆波動。
20100730-184,20100730,184,中投09投資回報倍升至13%,中投09投資回報倍升至13% 【本報訊】中國主權基金中投發佈《2009年年度報告》，宣佈去年新增全球投資580億美元，資本回報率為12.9%，高於08年度的6.8%。不過，中投在上周首次申報減持摩根士丹利股份，出售大摩510.5萬股，套現約1.39億美元（約10.8億港元），中投在此投資上輸了一半。 減持大摩套11億 這是自07年中投入股大摩以來首次減持，目前中投仍持有該公司1.711億股。中投選擇此時減持大摩股權，據悉是由於美國在上周通過自大蕭條以來最嚴厲的金融監管改革法案，隨着新法案實施，銀行盈利將被削弱。 至於中投09年成績表，中投董事長兼首席執行官樓繼偉表示，為股東帶來滿意回報。展望未來，他說，世界經濟尚未完全回穩，市場依舊會出現震盪。中投將密切跟蹤全球投資環境的變化趨勢，及時調整資產配置。 據悉，從09年5月開始，中投加快投資步伐，去年全年全球投資總額達到580億美元。2009年底，中投境外累計投資達790億美元，遠高於截至2008年底的210億美元。 截至去年底，中投在境外發達和新興經濟體的組合投資市值為811億美元。中投投資組合主要集中在全球公開市場股票和債券上。 據年報披露，中投全球資產組合中，現金和現金產品佔32%，股權佔36%，固定收益佔26%，另類投資6%。投資的行業涉及礦產資源開發、油氣、煤炭、發電、可再生能源等。
20100730-185,20100730,185,12部委聯手穩農產品價,12部委聯手穩農產品價 【本報訊】中央連日出招振興三農，為免熱錢續熱炒農產品。發改委、工信部等12部委聯合發表通知，要求將骨幹企業納入國家大宗農產品市場調控體系，穩定農產品價格。 入選的企業，其運營成本與利潤會獲得合理對待，而調控體系本身會建立利益補償機制，給予相應的政策扶持。 入選企業獲合理利潤 哪一間骨幹企業屬真命天子？發改委發表《關於嚴格執行糧食最低收購價和臨時存儲糧油收購政策有關問題的通知》有啟示，通知提到有政策性收購任務地區的省級價格、糧食、農業部門和農發行分行、中儲糧分公司要加強對市場價格的監測，定期進行會商，準確判斷市場價格水平。 收購通知要求各地要按照國家最低收購價執行預案和臨時存儲政策的有關規定，指導和督促有關企業嚴格執行糧油收購質價政策，既不能壓級壓價損害農民利益，也不能抬級抬價擾亂市場秩序。中央選擇中糧，是由於其有較強的「議價能力」。 至於12部委此次市場調控的品種範圍甚廣，除國家有關部門確定的糧食、食用植物油、棉花、食糖、豬肉五大類商品外，各地還可將對本地居民生活和物價總水平影響較大的其他大宗農產品，納入市場調控的品種和範圍。 此外，監管機構已要求各級農發行要加大對糧油收購資金使用情況的核查力度，認真核對收購憑證。 根據實際入庫進度審核支付貸款，對違反收購質價政策的要堅決停貸。
20100730-186,20100730,186,發改委減三峽電價,發改委減三峽電價 【本報訊】發改委下發通知，下調三峽輸電價格，每千瓦時平均下調0.6分（人民幣．下同）。按三峽機組09年全年發電794.7億千瓦時計算，全年讓利約4.8億元。 券商指不利電企 輸電價格下調後，華中、華東、廣東三個區域的輸電價格降至每千瓦時0.0485元、0.0808元和0.0661元，其餘三峽輸電區域價格則下調至每千瓦時0.064元。三峽電力受電地區銷售電價暫維持不變。發改委稱此次調整令發電企業的電價矛盾。 泓福資產管理研究部主管鄧聲興認為，三峽下調輸電價格對電企是負面消息，因國家為控制通脹長期抑制電價，同時又開放煤炭價格市場化，令中國電力市場的價格長期出現「倒掛」現象。此次調整電價，意味着煤火發電電價加價的可能性變小，不利於電企利潤的提升，因此不建議近期投資電力股。時富金融管理聯席董事姚浩然認為，此次調整對電企的影響有限。
20100730-187,20100730,187,內地城鎮化規模遭高估,內地城鎮化規模遭高估 【本報訊】社科院昨發表《中國城市發展報告（2010）》報告，截至09年，中國城鎮化率46.6%，城鎮人口達6.2億，城鎮化規模居全球第一。城鎮人口為美國的兩倍，高出歐盟27國的四分之一。不過，中國的城鎮化存在高估現象。 報告指，中國現有的城鎮人口統計中，包含大量的農業人口，僅此一項，就令中國的城鎮化率被高估約9個百分點。若再考慮大量尚未融入城市的農民工，人口城鎮化率至少要降低10個百分點。 社科院城市發展與環境研究所副所長魏後凱認為，當前中國的城鎮化面臨的主要問題，並非速度過快，而是結構失衡和品質不高。包括大城市建設用地過度擴張，但人口聚集相對不足，大城市土地城鎮化快於其人口城鎮化，但各種資源集中在大城市。 令人擔憂的是，城市化推進方式的不科學和不合理，造成農民工難以融入城市。報告提及，未來仍處於快速推進時期，到2015年中國城鎮化水平將達52%左右，到2030年將達到65%左右。
20100730-188,20100730,188,珠船、招商局研攻粵西南,珠船、招商局研攻粵西南 【本報訊】正當廣東「產業西移」之際，珠江船務（560）前日與招商局國際（144）簽訂合作框架協議，為共同拓展珠江西部港區打下基礎。珠船主席花紅林昨表示，雙方會視乎工業區的轉移，共同在廣東西南部地區發展新的碼頭項目。 隨着工資上升及土地減少，廣東省內產業升級或轉移已是大勢所趨。花紅林指出，公司早前已先行佈局，低價收購肇慶等廣東西南地區的碼頭及相關設備。他認為，產業西移後，產品及原料的運距加長，對珠船「未必是壞事」。副總經理周雄則透露，珠三角不少碼頭將進行升級改造，未來若有新工業區建立，珠船會考慮建立新碼頭。花紅林補充，母公司旗下仍有5個高速客運項目，未來會陸續注入珠船。 至於珠船何時正式引入招商局作為策略股東，招商局董事余利明表示，將「順其自然」進行股權合作。
20100730-189,20100730,189,ASM上季賺6.8億破紀錄買西門子業務　30年來首收購,ASM上季賺6.8億破紀錄 買西門子業務　30年來首收購 【本報訊】環球半導體市場第二季出現前所未有好景，受惠環球尤其是亞洲區經濟復蘇，新技術新電子產品的帶動，從事半導體裝嵌及包裝設備的ASM太平洋（522），錄得季度盈利新高。ASM次季純利6.82億元，按年大升3.27倍，按季亦增46.2%；上半年純利11.48億元，升14.33倍。每股盈利2.91元，中期息增7倍至1.6元。 記者：周燕芬 集團同時宣佈30年來再次進行收購，向西門子全面購入旗下SiemensElectronicsAssemblySystems（SEAS）業務，以拓展電子裝嵌系統市場。收購價象徵式1歐元，但ASM承諾向SEAS增資2.02億元，收購完成後3年內再提供2.02億元循環貸款融資；此外，6年內會向對方授予一份12.15億元的不可撤銷支持函。業績向好加上新收購消息，帶動ASM昨急升10.4%，收報71.55元。 次季新增定單逾40億 雖然SEAS截至去年9月底止年度虧損15.9億元，但ASM行政總裁李偉光相信，市場正在改善，收購後亦可協助對方開拓亞洲市場及將產品多元化，並會為SEAS訂下2年發展目標。 今年上半年ASM營業額41.67億元，按年升1.96倍。截至6月底集團現金結存為14.21億元，股本負債比率48%。集團亦調高全年資本性開支60%至8億元，以提升福永廠房後工序產品及衝壓引線框架產能30%；又擬於第3季後期在惠州新廠房裝置新機器，第4季投產。 李偉光分析，上半年業務表現強勁，主要是環球經濟開始復蘇，累積相當長時間的市場需求獲釋放出來；半導體裝嵌及包裝設備市場亦受內地強勁需求帶動，市場對發光二極管（LED）裝置、汽車產品、手提式電子產品如平板電腦的需求尤其殷切，加上私人機構的資訊科技投資，均有助集團業務蓬勃發展。 單計第二季，集團新增定單總值達5.24億美元（約40.87億港元）；截至6月底集團未完成定單總值亦有5.8億美元，足以支持集團未來至少兩個季度的銷售額。 台積電次季純利新高 展望未來，他指市場預測今年半導體設備市場出現驚人的104%增幅，許多半導體公司亦紛紛調升資本支出，應用於電視、手提電腦等顯示器的背光源LED正處供應緊張狀況，相信會持續一段時間；許多半導體公司亦開始建立新的晶圓廠，顯示該行業優勢有穩固支持。隨着高科技消費電子產品日益普及和受到大眾歡迎，相信市場將處於較高的合理水平。 圓晶代工廠台灣積體電路昨亦公佈第二季度業績，純利亦創下歷史新高至402.8億元新台幣，按年升64.7%；由於晶圓付貨量強勁，集團計劃調升全年資本開支20%至59億美元。 ASM太平洋中期業績概要 ‧營業額　金額：41.67億元　變幅：+1.96倍 ‧盈利　金額：11.48億元　變幅：+14.33倍 ‧每股盈利　金額：2.91元　變幅：+14.32倍 ‧中期息　金額：1.60元　變幅：+7倍＊ 註：＊未計及09年度中期派發的特別股息0.4元 港股王另有其他公司業績預測，請瀏覽 http://stock.nextmedia.com 
20100730-190,20100730,190,長建核心純利升19%,長建核心純利升19% 【本報訊】長江基建（1038）昨公佈截至6月底止中期業績，由於沒有出售資產帶來的特殊收益，半年純利20.29億元，大幅倒退47.8%，每股盈利0.9元，中期息0.33元，微升3%。長建表明，若干正研究投資的項目，已進入最後磋商階段，對下半年前景感到樂觀。 長建去年同期出售內地電廠獲利12.6億元，今年上半年沒有類似收益，加上錄得滙兌虧損7600萬元，令上半年純利大跌；撇除這些因素，中期盈利有19%升幅。 港燈（006）仍是長建的主要盈利來源，上半年提供盈利10.57億元，升3%。至於其他國家，澳洲提供的盈利貢獻最大，上半年提供盈利5.13億元，升27%，主因當地配電項目受惠於有效的成本控制及審慎財務管理，錄得理想表現，基建項目也有穩定回報。 英國業務則因去年同期錄得1.48億元一次性稅收抵免，盈利貢獻大減41.5%至2.16億元。出售電廠後，內地基建項目的利潤貢獻為2.11億元，大減87%。加拿大與新西蘭業務則分別提供盈利5100萬及3800萬元，增加34%及3%。 赫斯基次季少賺38% 長建表明，坐擁百億元現金，繼續在全球尋求新的投資機會，負責收購的團隊正在不同市場進行研究，包括現有據點及新市場，若干項目處於最後階段。 另外，和黃（013）旗下石油公司赫斯基能源第二季純利2.66億加元（約19.97億港元），按年減少38%，主因產量減少。公司同時調低今年生產目標，由每日30.6萬至33萬桶，降至每日28.5萬至29.5萬桶，減幅7至11%。
20100730-191,20100730,191,保險資金200億掃A股,保險資金200億掃A股 【本報訊】保險資金瘋狂入市舞高A股!內地傳媒透露，以中國人壽（2628）為首的保險企業，本周共斥資約200億元（人民幣．下同）認購基金，以及在A股加倉搶籌，主要對象為龍頭銀行、內房以及資源股，同一時間，滬綜指本周衝上2600點，滬深兩地日均成交突破逾2000億元，正好是險資入市最佳佐證。 基金界人士相信，險資入市效應正在發酵，只要周日公佈的7月份採購經理指數（PMI）數據理想，滬綜指下周可續挑戰2700點關口。 鋼鐵有色金屬股受追捧 滬綜指昨收報2648點，升0.55%，深成指報10838點，升0.13%，兩市成交接近2400億元人民幣，為三個月以來最高。發改委公佈首5個月行業運行情況，鋼鐵業淨利潤按年增5.3倍，有色金屬及電力業分別增2.4倍及2.3倍，消息牽引資金流向三個板塊。 另外，農行（1288）A股昨正式納入主要指數，開市後曾創新高，收市報2.83元，跌0.35%。 國海證券預期，7月反彈走勢可進一步在8月份延續，初步目標約2700點（滬綜指），不過鑑於企業盈利及估值等基本面，未見實質被調升，大市今季升勢料止於3000點。短期而言，在社保基金及保險資金帶頭入市，會成為大市上升催化劑。 社保險資入貨　料撐大市 據悉，踏入7月份後，社保基金已率先大手30億入市，而包括國壽、平保（2318）及太保（2601）等主要保險公司，已由6月份試探式掃貨，轉為瘋狂連續加倉。內地傳媒報道，國壽周二要求增倉股票和基金合計100億元，前日再接連閃電認購50億元基金，即兩日累斥150億元。連同其他險資，保守估計共有約200億元進入A股或相關市場。 內地一名基金經理透露，早在5月中旬滬綜指跌至2500點時，國壽為首間在市場撈底保險公司，及後社保入市，國壽對市場睇法更加樂觀，認為2600點樓下為價值投資區，持貨半年應可獲利。 國泰君安提醒，滬綜指自7月初於2319點築底後，本月累積反彈14%，很大程度與機構投資者有關，散戶入市程度並不熱烈，因此如要指數進一步攀升，不能再單靠大戶用錢撐市。
20100730-192,20100730,192,置地中期虧轉盈,置地中期虧轉盈 【本報訊】在中環擁有多幢商廈的置地控股，昨公佈截至6月底止中期業績虧轉盈，股東應佔溢利13.91億美元，相對去年錄得虧損4.02億美元；股東應佔溢利中約9.14億美元是來自投資物業重估收益，撇除此項的基本溢利升70%至4.77億美元。中期息維持每股派6美仙。 置地表示，截至6月底香港寫字樓物業組合的空置率約4.2%，平均租金保持穩定，續約租金大致不變，中區商舖組合亦保持全部租出。集團預期，香港及新加坡商用物業市場於下半年保持穩定，並會持續受惠於住宅物業進一步落成。 同系的文華東方亦公佈中期業績，純利約1350萬美元，倒退81.8%，扣除非經常項目則升11.27倍；中期息維持派2美仙。文華表示，雖然上半年入住率尚未回復至08年水平，局限了集團調高平均房租的能力，但隨着房租及入住率回升至接近金融危機前水平，預期業績將會改善。 萬寧宜家傢俬溢利飆 系內零售業務旗艦牛奶公司中期純利約1.82億美元，升16.7%，中期息增11%至5美仙。包括聯營公司貢獻的營業額約43億美元，升12.7%。上半年集團增加了127家店舖，令總店舖增至5198家。期內香港萬寧及宜家傢俬溢利均錄得強勁增長。牛奶公司預期，下半年營運表現將持續向好，會繼續投資以擴展業務，料全年業績將令人滿意。
20100730-193,20100730,193,收購項目涉訴訟　駿科買礦受阻,收購項目涉訴訟　駿科買礦受阻 【本報訊】轉型發展礦業的駿科網絡（8081），在收購遼寧省寬甸縣鉬銅礦項目出現波折，持有項目95%權益的目標公司股東出現爭拗，股東StarMoly入稟高院阻止餘下股東轉讓股權。但駿科認為，法院並未禁止其訂立收購協議，故已於前日訂立補充協議，將訴訟撤銷或解決加入為完成買賣的先決條件之一。該股昨復牌先升後跌，收0.27元，跌1.82%。 股價先升後倒跌 駿科年初首次公佈該計劃時透露，會購入整個項目；但6月時卻指出，以23.96億元收購目標公司86%權益。原來駿科未能與目標公司餘下股東包括StarMoly，達成收購協議，公司昨日披露，未能以2.82億元收購餘下14%權益，但仍會繼續磋商。 至於擬購入86%權益的收購代價中，7.93億元為現金、10.22億元發行可換股優先股，餘額發行承兌票支付。換股價0.128元，較停牌前0.275元折讓53.5%；全數兌換佔擴大後股本91%，買方表明若公眾持股量低於規定，不會進行兌換。另駿科建議，透過增設50億股及100億股可換股優先股，將法定股本由1億元增至2.5億元。
20100730-194,20100730,194,Webb轟港交所　挺另類交易平台,Webb轟港交所　挺另類交易平台 【本報訊】網上股評人DavidWebb（圖）昨日撰文力挺另類交易平台，指如果港交所（388）與港府以關乎公眾經濟利益為由，要求港交所取得豁免不受《競爭法》限制，則會成為國際笑柄。他又指出，政府本應推動市場競爭，如今卻持有港交所5.9%股權，引來利益衝突問題。 Webb指出，由於另類交易平台（ATS）目前只佔港股市場3%，加上ATS的交易最終要上報港交所，港交所一樣可以收取費用，故港交所目前對ATS仍保持樂觀態度。但Webb認為，在擬訂中的《競爭法》下，ATS應該可與港交所公平競爭，無理由要向港交所付費，並應該獨自設立與中央結算有聯繫的結算系統，以降低成本。 他指出，ATS吸引之處是可以防止落盤資料人為外洩，若經紀行本身設有自營交易部門，大戶利用ATS也可防止雙方的利益衝突。他批評，港交所主席夏佳理較早前表示，ATS令到價格發現過程受損，是沒有根據，因大戶在港交所進行交易，都會使用策略進行，沽家可能落買盤，借此掩飾真正意圖，即港交所系統亦未必能反映真實情況。
20100730-195,20100730,195,財話短說兗煤：純利增幅１倍降至35%,財話短說 兗煤：純利增幅１倍降至35% ▲兗州煤業（1171）公佈，受到澳洲兌美元快速貶值影響，令旗下兗煤澳洲截至今年6月底止中期錄得11.14億元人民幣滙兌損失，故公司修訂4月時發出按中國會計準則的業績預告，由原來預計中期純利按年增長1倍，修訂為增長超過35%。
20100730-196,20100730,196,財話短說心連心半年多賺52%,財話短說 心連心半年多賺52% ▲心連心化肥（1866）受惠於甲醇價格上漲，尿素產能增加，帶動上半年純利升52%至9815萬元（人民幣．下同）；每股盈利9.8分，不派中期息；毛利率升2個百分點至16%。董事長劉興旭稱，由於要儲備充夠資金作未來拓展業務用途，故不派息。集團有意採用新工藝技術建設新廠房，可望於第三季作最後決定。
20100730-197,20100730,197,財話短說奇峰吉林廠停產三日,財話短說 奇峰吉林廠停產三日 ▲奇峰化纖（549）公佈，本周三（28日）吉林省吉林市部份地區因大雨造成洪澇災害，松花江水濁度偏高，導致集團於吉林市的生產線無法正常運行，已於當日下午六時半停產。集團預期停產三日。
20100730-198,20100730,198,財話短說錦勝玖紙簽購材料協議,財話短說 錦勝玖紙簽購材料協議 ▲錦勝（794）宣佈，與玖龍紙業（2689）執行董事張成飛旗下CrownGold成立合營公司，分別持股60%及40%，合營將成立一家初步註冊資本5000萬元的項目公司，從事製造及銷售瓦楞紙和紙製包裝產品業務。錦勝又與玖紙訂立材料收購協議，將在今後三年向玖紙收購原紙材料，總額上限分別為2億元（人民幣．下同）、4億元及5億元，以穩定原紙材料供應。
20100730-199,20100730,199,財話短說星謙首日超購逾10倍,財話短說 星謙首日超購逾10倍 ▲星謙化工（640）昨首日招股，綜合7間券商數據，已借出合共1.07億元孖展額，相當於公開發售集資937.5萬元，超額認購約10.4倍。市場消息指長實（001）擬透過國際配售進行認購。
20100730-200,20100730,200,財話短說俄鋁合資130億融資方案獲批,財話短說 俄鋁合資130億融資方案獲批 ▲俄鋁（486）宣佈，Vnesheconombank銀行監督委員會，已批准向俄鋁及俄羅斯水電公司授出500億盧布（約130億港元）的融資借貸方案，用作完成Boguchanskoye能源冶金綜合設施的建築工程。該項目由俄鋁及俄羅斯水電以相同份額共同出資，包括一個年產能60萬噸的鋁冶煉廠。
20100730-201,20100730,201,財話短說「舖王」3.9億沽集貴中心全幢,財話短說 「舖王」3.9億沽集貴中心全幢 ▲有「舖王」之稱的資深投資者鄧成波（圖）近期趁市旺頻頻出貨，新近以3.9億元沽出銅鑼灣集貴中心全幢，呎價約1.03萬元，4年獲利2.12億元；買家為剛沽出同區恩平中心舖位的鎮科集團（859）主席吳鎮科或有關人士。集貴中心位於邊寧頓街13至15號，為一幢樓商24層商廈，總樓面約3.8萬方呎。鄧成波於06年斥1.78億元購入。
20100730-202,20100730,202,累升千點港股8連捷車股開車,累升千點 港股8連捷車股開車 港股連升八日，累升千點。恒指昨在21000關口呈現好淡爭持局面，最終在本地銀行股領軍下微升收市。 藍籌開始腳軟，資金在其他板塊中尋寶，本地中小銀行、汽車及三網融合概念，成為焦點。分析員稱，恒指出現整固亦相當合理，惟市場氣氛好轉，料炒股不炒市短期將持續。 中小銀行股標青 恒指收報21093點，升2點或0.01%，成交額563億元。8月期指收21161點，高水68點。藍籌個別發展，周一放榜的滙控（005）回軟，跌0.43%；工行（1398）私有化工銀亞洲（349），併購概念令銀行股起哄，東亞（023）升4.7%，大新銀行（2356）及永亨（302）則彈5.9%及8.3%。 農行（1288）昨日宣佈，已悉數行使15%的超額配售權，該股昨微跌0.28%。吉利（175）母公司獲批收購富豪，深圳亦正式開展三網融合工程，汽車及三網融合股獲資金追捧，吉利衝高逾一成，；A8（800）亦升逾8%。 另外，第一上海策略員葉尚志預期，恒指在21000點附近會稍作整固，從二三線股表現來看，大市氣氛可以保持，資金輪流炒的情況仍會持續。 汽車及三網融合股表現突出 －汽車股－ ‧吉利汽車（175）　昨收報：2.95元　變幅：+11.32% ‧華晨汽車（1114）　昨收報：3.26元　變幅：+4.82% ‧東風集團（489）　昨收報：10.82元　變幅：+2.85% ‧駿威汽車（203）　昨收報：3.93元　變幅：+2.08% －三網融合股－ ‧A8電媒（800）　昨收報：4.65元　變幅：+8.90% ‧晨訊科技（2000）　昨收報：1.76元　變幅：+6.02% ‧中國無線（2369）　昨收報：3.19元　變幅：+5.98% ‧TCL通訊（2618）　昨收報：4.32元　變幅：+2.37%
20100730-203,20100730,203,財話短說光滙石油配股籌11億,財話短說 光滙石油配股籌11億 ▲光滙石油（933）昨停牌，表示將公佈配售股份。市場消息稱，該公司以舊後新方式，按每股3.41至3.56元配售3億股，較停牌前3.79元折讓6.1至10%，集資最多10.68億元，用作現有項目發展。
20100730-204,20100730,204,財話短說負資產按揭宗數上季增2.3%,財話短說 負資產按揭宗數上季增2.3% ▲金管局公佈，第二季負資產住宅按揭貸款宗數為310宗，較首季多7宗或2.31%。截至6月底，負資產住宅按揭貸款涉額5億元，按季升25%或1億元。負資產住宅按揭貸款的無抵押部份維持約1億元；拖欠3個月以上貸款所佔比率由首季的0.24%，降至0%。政府4月推出「九招十二式」規管樓市，期內地產市道一度稍回，惟最近樓市再上揚。
20100730-205,20100730,205,財話短說金沙EBITDA新高　升80%,財話短說 金沙EBITDA新高　升80% ▲金沙中國（1928）宣佈4至6月次季業績，期內經調整物業EBITDA（撇除利息、稅項、折舊及攤銷前盈利）創季度新高的3.07億美元，按年增79.4%，總收益淨額增40.7%至10.4億美元。業績勝預期，主要由貴賓廳（VIP）業務帶動。金沙EBITDA比率由去年第二季的22.6%，升至今年首季的26.9%，上季進一步改善至28.5%。
20100730-206,20100730,206,中環在線：員工電郵用語粗鄙　高盛sayNO！ - 李華華,中環在線：員工電郵用語粗鄙　高盛sayNO！ - 李華華 華爾街大行高盛近年形象插水，為咗挽救頹勢，最近有個新政喎！就係要旗下超過3.4萬個交易員、賓架同其他員工，做返個溫文爾雅嘅金融業從業員，喺email、SMS同網上傾偈，都唔可以用「粗鄙」嘅用語（即係naughtywords），仲要嚴到打粒「*」代替都唔得o架！使唔使咁嚴呀？梗係啦，高盛唔想再畀美國證監同啲議員搵到高盛員工嗌啲產品做「sh**tydeal」嘅痛腳嘛！ 雖則無白紙黑字寫到明大家有咩唔可以講，但據講公司會出動新嘅審查軟件，過濾晒email入面嘅粗鄙用字。高盛發言人話，雖然犯規者應該唔會有特定懲罰，但屢錯不改喇喎……有可能被老細照肺囉！之不過咁，斯文，都可以係敗類；唔爆粗，又未必係好人嘅！ 講開又講，高盛今年真係衰開有條路！早排雖然就一宗涉嫌欺騙投資者嘅民事訴訟同美國證監達成和解，賠咗5.5億美金了結咗件事，但搞掂左證監一單，「蘇州屎」好似陸續有來喎。據講高盛家仲要應付至少18宗投資者發起嘅相關訴訟。唱好高盛？睇怕都唔係咁早囉！ 李華華 mailto:LiWaWa@AppleDaily.com
20100730-207,20100730,207,中環在線：黃光裕二審　臨時換律師 - 李華華,中環在線：黃光裕二審　臨時換律師 - 李華華 一審被判有期徒刑14年、罰款6億人仔（下同）兼沒收2億財產嘅黃光裕（圖），似乎對呢個判決結果好唔順氣，搞到佢要即刻換律師！內地《經濟觀察報》話原代表律師楊照東已經「冇得撈」，但就無人交代原因。老楊同記者講，話自己家響江蘇，黃生二審佢唔再係代表，亦唔了解單嘢嘅近況。個記者話，根據內地律師分析，黃生二審臨時換帥，應該係佢好唔妥一審結果。話晒老楊係行內猛料之人，今次換帥都唔一定有好結果o架喎！講真，咁大單經濟犯罪唔使打靶都偷笑喇，換嚟換去分分鐘換出個大頭佛o架！
20100730-208,20100730,208,中環在線：大快活老闆　自己加薪23% - 李華華,中環在線：大快活老闆　自己加薪23% - 李華華 早排牙痛咁聲話最低工資定喺33蚊就要發盈警嘅大家樂（341）主席陳裕光，有人工加，佢對手大快活（052）噚日出年報，主席羅開揚（圖）上年人工750萬，比前年升23%，主要係多咗134萬花紅。CEO陳志成仲犀利，加人工77%去到305萬，花紅由25萬去到114萬！又話最低工資超過30蚊可能炒人兼執笠，唔係好難同股東交代？咁老陳同老羅又諗住點同股東交代佢兩位嘅加薪呢？
20100730-209,20100730,209,靚女鬥玩具養眼人體彩繪錶,靚女鬥玩具 養眼人體彩繪錶 靚女同玩具？你會揀邊樣？男仔唔使問都係揀前者啦，齋望都夠開心嘛！周大福同FrankMuller合作開店中店，噚日喺個開幕儀式上面，主辦單位就搵咗兩位身形fit到漏嘅靚女模特兒，用人體彩繪方式，「Cosplay」FrankMuller招牌「酒桶」錶面，養眼程度比真錶簡直係十級跳呀！ 程志遠攝
20100730-210,20100730,210,靚女鬥玩具反斗奇兵出家電？,靚女鬥玩具 反斗奇兵出家電？ o靚模有大班異性捧場客，不過玩具仲多粉絲，大人細路都啱嘛！你睇《反斗奇兵3》票房破晒香港動畫紀錄就知啦！建溢（638）副主席馮華昌話佢哋都有份造相關玩具，薯蛋頭先生公仔同巴斯光年把激光槍，都係佢哋得意之作！馮生仲話，家計劃出埋《反斗奇兵》家電，類似巴斯光年攪拌機之類嘅物體。巴斯光年攪拌機都有，咁會唔會有三眼仔電飯煲呢？ 梁鑑章攝
20100730-211,20100730,211,利字當頭：土改 - 利世民,"利字當頭：土改 - 利世民 有次獅子山學會聚會，外地來的嘉賓問世民：「香港有甚麼獨特的成功要素？」參與我們的聚會，自然是同道中人，如果說香港有自由市場，說了等於沒說。所以世民便提出兩個深層次論點：70年代之前，香港基本是個移民城市；由80年代起，香港有聯繫滙率和以賣地收入補貼公共開支的傳統。 1950年代至2000年，香港人口大概每10年左右便增加100萬人。1960年，每3個人中，便有1個是在香港不足10年。移民城市的新成員，許多是為了遠離另一個政府的壞主意而來，所以移民城市也傾向擁護自力更生的價值。聚會當天，參與者以西人居多，說到這裏，個個臉上都現出會心微笑。 1980年代，隨着土生土長的人口增加，以及抵壘政策結束，移民城市的特點也漸漸消失。剛好在這時候，聯繫滙率出現，令香港不致走向完全的大政府福利社會。 鐵路基建也靠地產幫補 香港的福利其實不算差，試想，在低稅的大前提下，全民不問貧富都可享教育和醫療、公共房屋及綜援等，要是換了其他地方，如歐洲的福利國家，早就用舉債和財技，將開支負擔，轉移到下一代身上。也說不定，早就爆了大鑊。 偏偏香港得天獨厚，政府可靠賣地收入負擔開支，甚至乎連鐵路基建，也靠地產幫補。試想，可以不用面對加稅的政治壓力，但又可享受花費的樂趣，作為政客又怎會不心動？偏偏殖民地的文官，在連年的增長和財政盈餘下，也沒必要靠擴張來證明自己的存在價值，讓不干預的文化留傳下來。可惜，從近期的輿論看來，受盡這些好處的特區新一代，卻誓要來一場天翻地覆的土改。唉，難道真的像佛利民生前說：""itistoogoodtohold.""？ 利世民  http://hkliberty.wordpress.com "
20100730-212,20100730,212,敏妮Talk：掛鈎產品攞嚟煩 - 溫敏妮,敏妮Talk：掛鈎產品攞嚟煩 - 溫敏妮 呢期最多人關心嘅投資話題，離唔開人民幣產品，上次敏妮簡單比較過市場上一啲人民幣產品，隨即就收到靚太公關SMS，問呢幾日推出市場嘅一隻人民幣掛鈎存款產品。靚太話自己係「又想賺錢，又怕輸錢」嘅散戶，見到「掛鈎」就好擔心，驚係高風險投資，但銀行話百分百保本，所以又有啲心動。 隻產品主要係買人民幣升值，同其他掛鈎存款產品差唔多，呢款產品同美金掛鈎，參考價以做嗰日嘅現貨價減某點子，如果9個月到期日人民幣升穿參考價，可以攞到1.5厘年息，即使唔到，都收0.8厘。入場門檻5萬蚊人民幣。 用實際例子，噚日1美金兌6.7787元人民幣，根據條款，減0.108，即係1美元兌6.6707人民幣就係參考價。如果9個月後到期，人民幣升穿呢個兌換比率，投資者可以收到1.5厘年息，如果升唔到呢個滙價，都有0.8厘年息收。除非滙價跌得甘過你最少收到嘅0.8厘息，否則的確可以保到本。家陣大家都憧憬人民幣升值，關鍵係速度，亦係呢隻掛鈎產品「賭」嘅重點。 投資宜簡勿繁 不過對於呢位又想賺錢又怕輸錢嘅靚太嚟講，敏妮就覺得毋須玩到咁複雜，搭程火車返大陸銀行開個戶口，透過香港銀行提供嘅一條龍服務，滙錢返大陸戶口做定期存款，以噚日牌價計，3個月都收1.71厘息。唔使鎖死啲錢咁耐，又唔使諗乜嘢係掛鈎存款。再講，家陣個個都話就嚟會加息，為免捕捉唔到存款利率上升而走寶，所以敏妮之前建議大家做定存宜短勿長，家陣再加一樣，投資宜簡勿繁，有簡單直接嘅唔揀，最後咪盞攞嚟煩！ 溫敏妮  http://wanmanli.com/blogs/ 
20100730-213,20100730,213,外管局：外滙貸款增長異常,外管局：外滙貸款增長異常 【本報訊】就人民幣是否升值這敏感話題，中美兩國剛在國際貨幣基金組織（IMF）「過招」。IMF最新報告雖隻字不提人民幣存在「大幅」與「嚴重」被低估的措詞，但IMF內部人士再向外放風，指人民幣確被低估5%至27%。 另外，外管局昨在網站發放消息，指部份銀行外滙貸款出現超常規增長。 IMF再放風　人幣被低估逾5% 外管局昨披露，副局長鄧先宏日前召集21家中資銀行、7家外資銀行參加銀行外滙檢查情況通報會會議。會議回顧近兩年，外管局在全國開展多次銀行外滙業務專項檢查。綜合檢查結果，銀行的風險意識有所增強，合規經營的總體狀況進一步改善，但部份銀行在外滙業務經營過程中，仍存在一些違規問題。 不過，鄧先宏亦指出，銀行存在的違規行為，主要在銀行辦理代客業務時，未有盡真實性審核義務，存在違反外滙賬戶、國際收支申報、資本金和個人結售滙管理規定的情況；在辦理自身外滙業務時，違反外債、結售滙綜合頭寸和資產外幣轉換等規定。 另外，部份銀行綜合頭寸持續低位運行、外滙貸款超常規增長、套利型貿易融資產品增加的情況也引起關注。 銀行存在上述違規問題，主要是個別銀行依法合規經營意識不強，部份銀行受利益驅動，甚至有意放鬆真實性審核要求；其次是銀行內控機制不夠健全，相關管理制度執行力度有待進一步提高；此外，自金融危機以來，一些銀行着重業務拓展，看輕合規經營的傾向。 完善管理　嚴懲違規力度 外管局發表部份銀行外滙貸款現超常規增長意見後，中新社發表文章指，經過兩個多月的潛伏，境外熱錢又出現伺機入市的迹象。海外資金悄然加碼A股市場，境外買家再次進入一線城市中高檔地產。 外管局指出，有效遏制熱錢流入等各類違法違規外滙交易行為，促進涉外經濟金融的健康穩定發展。該局將不斷完善外滙管理政策，加強統計和監測分析，提升外滙檢查手段，採取輪檢與抽檢結合的方式，擴大檢查覆蓋面，進一步加大對各類外滙違法違規行為的處罰力度。 外滙局五招管熱錢 1.切實便利銀行、企業和個人經營 2.將不斷完善外滙管理政策，提升外滙檢查手段 3.採取輪檢與抽檢結合的方式，擴大檢查覆蓋面 4.進一步加大對各類外滙違法違規行為的處罰力度 5.促進涉外經濟金融的健康穩定發展
20100730-214,20100730,214,炒友Blog：中風電將現爆炸性增長 - 邱古奇,炒友Blog：中風電將現爆炸性增長 - 邱古奇 早前推介的風電龍頭股龍源電力（916）連日表現不俗，股價暫時受阻於100日線（8.20元），惟技術走勢甚佳，相信再整固多一兩日，便可破關。 風電是國家大力支持的新興能源，相關股份有必要長期留意。除了龍源，另一隻風電股中國風電（182）亦是行業佳選，中風電規模不及龍源，但勝在增長具爆炸力，而且得到世界銀行的「祝福」，評價理應大幅提高。 中風電目前的主要收入，是為龍源等龍頭企業提供風電工程設計及維護，以及產銷風電塔架設備。不過，集團正大力發展風力發電業務，已定下大計，在兩三年內把風力發電佔集團盈利的比率，由去年的18%大幅提升至50%，成為集團的增長動力。 世銀屬下貸款兼入股 去年中風電把年結日由3月底改為12月底，故09年度業績只有9個月，但仍有可觀增長。09年4月至12月，集團持續經營業務的收入達5.63億元，較上年度12個月的3.79億元大增48%。同期股東應佔盈利1.81億元，增長56%。若將9個月業績折為整年度計算，持續經營業務收入激增98%，而盈利則勁升107%。 據申銀萬國計算，中風電現有12個風電場運作，預計今年上半年總發電量會超過5億度電，較去年全年的2.96億度多出近7成。集團今年中期業績優異，已可預期。 中風電已投產的裝機容量達566兆瓦（MW），集團主席兼行政總裁劉順興早前表示，今年內有11個風電項目投產，新增投產裝機容量增加560MW，屆時產能將擴大1倍。另外尚有新建設的700MW風電項目，將於年底前動工，未來幾年總產能將會不斷增加。 較早前，世銀屬下的國際金融公司（IFC）與中風電訂約，提供1.25億美元貸款以發展甘肅省瓜州201MW項目，並以7800萬元認購中風電1.01億股，每股約為0.77元。得到IFC的支持和入股，證明集團的經營和管理達到一定水準，理應獲得更高評價。 按申銀預測，中風電2010至2013年每股盈利分別為0.045元、0.065元和0.097元，分別增長66%、44%和49%，以2010年預期PE約22倍計，股價可見1元。 買賣策略：可於0.80元或以下買入，以1元為目標，跌破0.74元止蝕。 邱古奇
20100730-215,20100730,215,點股壇：恒隆地產PB低 - 齊明,點股壇：恒隆地產PB低 - 齊明 會計準則修訂，在建中投資物業亦按公平值列賬，恒隆地產（101）於內地的投資物業完成一項，其餘在興建中，錄得公平值淨收益55.24億元，連同其他物業增值及盈利貢獻，資產值較一年前增29%。 恒隆地產在港只持已完成待售及投資物業，主力在內地發展，土儲2000萬呎，除瀋陽項目完成外，有6個項目興建中，將於2015年前分次完成，該等項目位於濟南、天津、無錫及大連等二線城市，升值潛力大，未來資產值將持續上升。 資產增值潛力大 截至6月止年度，恒隆地產盈利222.56億元，增長438%，於扣除投資物業公平值變動收益及扣除遞延稅項影響後，核心盈利66.74億元，增長179%，每股盈利應為1.61元，已派中期息17仙，將派末期息54仙，全年股息71仙，增長7.6%，按核心盈利計，派息比率44%。 去年盈利主要來自出售君臨天下425個園景單位，平均售價每方呎逾1.4萬元，發展邊際利潤70%，香港投資物業的稅前貢獻增長4%，內地增長14.4%，上海寫字樓租金跌而商場租金則升，但寫字樓租金跌勢已轉緩，可望轉穩。 瀋陽項目6月底開業，已全部租出，首年收入較低，現年度的業績仍看本港售樓的表現，待售物業包括君臨天下海景單位284個（約39萬方呎）及浪澄灣住宅1224個單位（約107萬方呎），恒隆地產的售樓策略難料，因而業績可升可跌。 恒隆地產現金及存款115.35億元，貸款64.58億元，淨現金50.77億元，今年於內地投資60億元，未來5年共投資200億元，出售君臨天下及浪澄灣物業，可應付內地的發展，亦將為未來帶來相當利潤，該兩項物業的賬面成本僅58.55億元。 內地物業開始完成，均為商場及寫字樓，內地租金收入將成為未來增長來源，資產值亦將按年增長。 恒隆地產現價32.66元，核心PE20.2倍，息率2.17%，PB1.54倍，是按賬面計算，實際PB將低於1倍，恒隆地產的策略已定多年，將不會改變，待售物業仍是善價而沽，相信這種策略漸近尾聲，大量售樓後，其收益主要來自租金，將較為穩定，其股價將由資產值推動，宜逢低吸看中長線。 齊明
20100730-216,20100730,216,窩輪摶擊：東風動力增強　22810炒一轉 - 俊樺,窩輪摶擊：東風動力增強　22810炒一轉 - 俊樺 花旗聯儲局嘅經濟報告反映花旗經濟增長唔理想，同之前伯南克喺聽證會講嘅差唔多，股民憂慮經濟前景，股市回落，事實上，道指已經逼近阻力位，就算冇利淡消息，都會趨向整固。 港股喺賣地之後由燦爛復歸平淡，期指結算日恒指全日窄幅波動，最後微升2點，成交又縮番落600億元樓下，不過技術指標就進一步向好。 東風C輪22810：東風集團（489）噚日報收10.82元，升2.9%。股價喺過去1個月受制於250日線，呢個禮拜開始異動，推向100日線，成交明顯增加，噚日出現技術突破，揸耐少少有機會見13.70元，可以諗吓隻C輪22810。隻輪現價21仙，2011年3月30日到期，行使價10.80元，溢價19.2%，引伸波幅59%，槓桿率5.2倍（有效3.1倍），正股見13.70元，22810睇40.9仙，正股跌穿10元就沽咗隻輪。 俊樺
20100730-217,20100730,217,大戶手影：瑞銀掃東風集團 - 張德,大戶手影：瑞銀掃東風集團 - 張德 內地汽車股昨日全線報捷，據聯交所最新資料顯示，東風集團(489）亦再獲基金垂青，瑞銀於7月23日，斥資逾7700萬元，掃入769.99萬股，每股平均價10.039元，持股量由6.82%增至7.09%。該股昨日收報10.82元，漲2.9%。 現時市場開始炒作汽車股中期業績理想，東風集團在內地上市的同系公司東風汽車早前就發盈喜，預期中期淨利潤將按年急增約兩倍，主要受惠汽車銷量大幅增長，投資者不妨跟車炒一轉。 美基金增持勤+緣 美國投資基金KabouterManagement加碼投資勤+緣（2366），於周二增持447萬股，每股平均價1.29元，金額約577萬元，持股量升至5.75%。現時勤+緣不乏捧場客，英國媒體集團AegisGroup亦揸重貨，持有13.86%權益，公司2010年中期業績亦扭虧為盈，股價近期持續在1.28元水平徘徊，可小注博反彈。 瑞銀再減持馬鋼（323），於7月26日，沽出1631.29萬股，每股平均價3.978元，再套現近6500萬元，持股量減少0.94個百點至5.12%，該行已連續3日狂沽馬鋼，累積減持3.33%股權。 另外，由朱玲玲姐夫洪錦標管理的WinningtonCapital再減持意馬國際（585），沽售7114萬股，套現逾1300萬元，持股量由13.29%降至11.99%。 張德
20100730-218,20100730,218,板塊尋寶：估值平通街　中遠洋要上船 - 王昇,板塊尋寶：估值平通街　中遠洋要上船 - 王昇 中國上半年外貿進出口總值超過1.35萬億美元，按年暴增43%，尤其第二季，出口增長連續3個月升30%以上，6月份出口額為1374億美元，更打破08年7月歷史紀錄。隨着下半年出口復蘇勢頭持續，港口業務進入慣常旺季，碼頭股隨時起錨啟航，中遠太平洋（1199）估值最平，現為上船良機。 中遠洋股價今年迄今僅升3.7%，跑輸招商局（144）及大連港（2880），關鍵是4月配售4.49億股，市場擔心攤薄每股盈利，股價由12元碌落5月下旬8.50元先止瀉。 增持和黃鹽田港有着數 要留意，中遠洋抽水45億元，主要用作增持和黃鹽田港碼頭股權至20%，長線計有着數。過往和黃鹽田幾乎將利潤盡派，增持後，中遠洋獲分派利潤起碼增兩倍。鹽田港在深圳碼頭市佔率接近50%，更是全中國最賺錢碼頭，隨着全球經濟復蘇，未來數年貿易進出口量會持續增長，中遠洋增持後，將大大提高未來數年碼頭盈利能力。 早前希臘債務危機，市場擔心影響中遠洋當地碼頭業務，不過3間大行評估後，指影響輕微。近月歐債危機消退，當地全體員工亦完成更換，工資成本大減，預期全年更可提供盈利。 中遠洋今年首季多賺2.1倍至1.33億美元，相當於全年預測的44%，即使扣除出售中遠物流特殊收益，核心盈利仍有三成增長，今明兩年預測PE11.7倍及12.2倍，較過去10年平均17倍，折讓約30%。 拍埋同業比較，中遠洋更真正「平通街」。預測PE較龍頭股招商局有45%折讓，而其餘單一城市碼頭股，預測PE亦起碼13倍樓上。再睇市賬率（PB），中遠洋PB只有1倍，與地區碼頭看齊，環顧全球主要港口股，PB介乎1.5至2倍，中遠洋低PE低PB並不合理，何況預測息率有3.7厘，提供不俗防守性。 中遠洋近日在10至10.40元水平拉鋸，初步受制4月下旬的下跌裂口，建議10.30元附近買入，突破11.60元加注，中線目標13元，屆時預測PE仍不足15倍、PB僅為1.3倍，對處於復蘇周期股份，估值仍吸引。 王昇
20100730-219,20100730,219,升級報告王：高盛大摩唱好東航兩日升6%,升級報告王：高盛大摩唱好東航兩日升6% 據《報告王》上載的大行報告，高盛及大摩分析員本周三分別推介東方航空（670），預期上海世博將帶動東航載客量增長。 高盛把東航列入亞太確信買入名單，目標價由4.90元升至5.70元；大摩則上調評級至與大市同步，目標價由2.96元升至3.85元。 報告發表後，東航周三曾急升8.5%至4.32元，收市升5%；昨日再升0.5%，收報4.20元。以周二收市價3.98元計，兩日累升近6%。 此外，《港股王》名家歐陽風在周三見內地A股表現強勢，建議吸納軍工股中航科工（2357），兩日累升14%，並按照策略於3元食糊，大賺11%。 另一名家邱古琴在上周三推介併購概念股江西銅業（358），目標價18元，昨收報17.26元，較買入價15.70元累升近10%。 詳情請瀏覽  http://stock.nextmedia.com 
20100730-220,20100730,220,上市公司回購股份表,上市公司回購股份表
20100730-221,20100730,221,主要股東股權變動摘要,主要股東股權變動摘要
20100730-222,20100730,222,A、H股差價表,A、H股差價表
20100730-223,20100730,223,2010年7月29日收市指數,2010年7月29日收市指數
20100730-224,20100730,224,恒地洋房新盤傳6.6億速售創天價成交　台資朱姓商人買入,恒地洋房新盤傳6.6億速售 創天價成交　台資朱姓商人買入 【本報訊】山頂百億地王誕生後，帶動豪宅市況再度火熱。恒地（012）旗下豪宅南區赤柱赫蘭道11至12號，日前公佈兩幢洋房價單後，其中面積最大的11號洋房，盛傳獲買家以6.6億元洽購至尾聲，最快明日辦理買賣手續。買家傳為具台資背景的資深投資者朱姓商人，若落實沽出，勢創全港銀碼最貴一手洋房成交。 記者：湯家明　朱連峰 天匯「天價」交易雖撻定收場，但似乎未動搖買家購買「天價」洋房信心。恒地另一貴價新盤赫蘭道11至12號4幢洋房，日前以貴絕全港一手洋房的6.6億元推出的11號屋，據悉已「名屋有主」。該洋房建築面積達13033方呎，前後花園面積達8567方呎，屬近年南區少數新落成「萬呎巨型」洋房，極為罕有。 膺港最貴一手洋房 按照「9招12式」，洋房於公佈定價後3天才能發售，料交易最快明日落實簽售。市場盛傳未來屋主為從事電子業務的台資商人朱慧恒。朱氏在港投資物業經驗豐富，單是07年以來，斥資達12億元掃入4幢山頂及南區洋房，普遍是一手洋房。如07年中透過力訊企業有限公司以3億元購入山頂普樂道18號天比高，呎價4.1萬元。 今年以來，朱氏亦一擲8億元向莊士國際（367）連環購入兩項一手超級豪宅，分別是山頂百祿徑15號屋及深水灣香島道37號D屋，作價3.388億元及4.628億元。其中，香島道37號D屋更成為山頂及南區單一最大額「屋苑式」洋房成交，超越山頂普樂道16號天比高3.5億元成交。是次若落實購入赫蘭道11號洋房，將再度打破「屋苑式」單一洋房造價紀錄。 恒地未承認　稱接獲查詢 恒地營業部總經理林達民表示，赫蘭道項目接獲不少查詢，並強調將會跟足政府指引，最快派發價單後3天才賣。即本周三推出的11號及12號A兩幢洋房，最快周六發售。 發展商一手貨亦獲承接。置地的大坑新盤上林，據知，2座33樓B室，昨以2938.4萬元售出，呎價1.88萬元。長實（001）的何文田半山壹號2期富甲半山，高層2069方呎單位，以2551.7萬元成交。
20100730-225,20100730,225,股路縱橫：御泰博反彈目標0.9元 - 郭兆誠,股路縱橫：御泰博反彈目標0.9元 - 郭兆誠 御泰中彩（555）去年業績理想，但有大行重整投資組合而大舉沽貨，股價因而大幅滑落，由4月初的1.25元跌到近日0.56元才止步，大跌5成多。近日大行沽盤已收斂，壓力料已解除，相信一次大型反彈好快會出現。 御泰昨收0.62元，升3仙，以反彈前跌幅0.5倍計，短期股價可升上0.90元。昨日成交大增，動力明顯轉強，今日再升，MACD亦會出現「熊牛」入貨訊號，確認反彈時機成熟。 集團係業務覆蓋範圍較為全面的福彩股，包括中國福利彩票和體育彩票都有提供服務，而近年發展的新業務，勢頭更勁，預期未來兩三年，盈利仍可保持高增長。 09年（12月年結），營業額12.72億元，升8%，盈利4.24億元，升58%，每股盈利5.66仙。集團彩票業務大致分為系統與遊戲開發及配送與市場業務，去年營業額12.6億元，升9.5%，佔總營業額99%；分部溢利4.6億元，升8.4%。 至於金融服務營業額則減少47%至1200萬元，分部虧損則由7300多萬元大減到77.4萬元。 集團的系統與遊戲開發業務帶來穩定的經常性收入及長遠的增長基礎，而3個新分部，包括覆蓋全中國優越位置並快速擴充之彩票配送平台、推出競彩，以及電子彩票配送平台，更成為新的增長動力。 御泰與負責的省彩票中心已簽訂6份合約，同中國移動合作，於相關省分推出手機購彩平台，並已建立鞏固的客戶基礎，隨着深入滲透現有省分及拓展其他省分後，用戶數目將會持續上升。 彩票市場增長續強勁 去年中國彩票市場強勁增長，銷售額1325億元人民幣，升25%，福彩佔57%，體彩佔43%；集團管理層預期彩票市場增長勢頭持續，對前景充滿信心並感到樂觀。 現年度，估計盈利可達7億元，上升65%，每股盈利9.5仙，以短線目標0.90元計，預測PE只9.5倍，中線重上1.25元的PE亦只13.2倍。 郭兆誠
20100730-226,20100730,226,股場放大鏡：建滔板睇8元 - 歐陽風,股場放大鏡：建滔板睇8元 - 歐陽風 近日業績期跑出了一批零售股，再數下去其實一批工業股升幅幾乎追得上這些零售股，只是散戶對工業股印象太過負面，未有特別注意而已。以愛高集團（328）為例，由2.50元水平升至昨日收市3.23元，不足一個月累積升幅近3成。該公司去年度純利急升3成，賺2.48億元，每股盈利44.6仙，往績PE約7倍，除全年派息23仙，又派特別息6仙，睇表面數據已經可見估值具吸引力。 未公佈業績的，個別則發佈盈喜，例如國際精密（929）料中期業績轉虧為盈，營業額更會創新高。愛高從事影音產品，國際精密則主要生產硬盤驅動器零件及汽車零件，產品完全無得比較，但如此佳績則某程度反映出口市場未必太差。勤美達（319）亦發盈喜，此公司生產各行業用之金屬鑄件、汽車等零部件，與國際精密類近，反映這行業景氣頗佳。 建滔化工（148）旗下建滔積層板（1888）持有於新加坡上市的建滔銅箔昨公佈6月底止3個月業績，營業額激增47%至9.67億元，毛利則勁升2.3倍至7771萬元，期內溢利更是升到爆燈，增加12.8倍至4889萬元，上年同期溢利只有379萬元。業績差距如此巨大，毛利差距是主要原因。 建滔銅箔業績靚絕 該公司主要生產積層板及印刷線路板相關業務，從業績概述可見，公司第二季業績理想乃由於中國及其他新興市場對消費品及汽車之需求仍然殷切，雖然銅的成本增加約51%，但銅箔產品平均售價亦較高。現時銅價比今年4月高位下跌約15%，預期第三季產品售價會較低，該公司將注重成本控制及為股東創造價值。 昨日建滔板升幅大於建滔化工，因業績直接受惠新加坡附屬，建滔化工則有其他業務的變數，建滔板可於7.50元附近買貨，上破8元食糊。 歐陽風
20100730-227,20100730,227,大行觀點：摩笛貼本地銀行股 - 高明,大行觀點：摩笛貼本地銀行股 - 高明 昨天提到高盛獨門秘技「亞太確信買入」，近期表現不俗，值得一跟。另一投資銀行大摩當然不會讓其專美，同樣曉出超必，間中發功，預言某股票於未來若干日有機會升或跌，亦即是散戶耳熟能詳的「摩笛」。 30天8成機會升 工商銀行（1398）宣佈私有化工銀亞洲（349），各大行紛紛發表報告評論之，大部份皆指本地中小型銀行股，特別是家族經營的，有潛在併購機會，相信股價有支持。大摩分析員AnilAgarwal索性在行業中挑選3隻發「摩笛」，預言工銀亞洲、永亨銀行（302）及大新金融（440）股價於未來30天有超過8成機會上升，受惠工行宣佈私有化工銀，中型本地銀行股價對併購會有正面反應。 根據《報告王》資料，該分析員過去5個月調整評級或目標價8次，平均短線（2天）回報為0.18%；中線（20天）因大部份股份未到期，欠參考性。 之不過，跟昨天一樣，今天說的，是整間大行的絕招。且看昨天表現，工銀亞洲停牌；永亨表現最佳，昨升8.32%至86.60元，開市價80.15元計亦升8.1%；大新金融則升3.85%至47.25元，但開市挾高至47元，即日僅賺0.5%。 「摩笛」係咪咁靈？根據《報告王》資料顯示，撇除昨天，過去2個月，「摩笛」追魂15次，短線（2天）10勝5負，平均賺2.55%；中線（20天）5勝3負，平均回報逾一成，近期狀態不俗。 昨天永亨已升近「摩笛」的平均水平，或許升得較少的大新金融在「摩笛」的餘威下會有較大的上升空間。 想知更多有關大行報告的資料，請即上《港股王》： http://stock.nextmedia.com  高明
20100730-228,20100730,228,看圖佈陣：十字整固　凝聚動力 - 祝文韜,看圖佈陣：十字整固　凝聚動力 - 祝文韜 A股強勢帶動港股連升8日，惟在21000關口之上走勢反覆，恒指昨日平開後，早段曾跌120點，但跌至250日線（20988）找到支持，並止跌回穩，午後最多倒升39點，見21130，最終微升2點，收21093，成交額563億元。 大市畢竟已連升多日，加上期指結算因素，以及滙控（005）、恒生（011）下周一公佈中期業績，市場觀望氣氛轉濃，恒指在21000關附近出現爭持，屬預期之內。 4月底有一下跌裂口（21121至21224）尚未回補，仍是短期阻力所在，昨日升至該阻力區再度受阻。日線圖昨收十字星，在高位具待變意義，料在21000關附近先作一輪整固，凝聚動力，方可再踏升途，上試21800水平。 寶佳現轉勢訊號 汽車股昨日再成為資金追捧對象，生產輪胎鋼簾線為主業的首長寶佳（103）亦被掃高，昨日上破起自4月中的降軌阻力，短期應有力再上。該股昨收0.80元，升0.03元或3.89%，成交472萬股。 從周線圖看，首長寶佳自4月高位1.14元回落，出現雙頂形態，但近期在0.71元找到支持，周線圖上周收陽燭，只要今日未有大跌，便可以連續兩周陽燭高收，月線圖更收長十字，均屬轉勢訊號。日線圖已出現底背馳，昨日突破降軌，MACD牛差距正擴闊，走勢轉強。可於0.80元或以下買入短炒，以反彈今次跌浪的0.382倍黃金比率0.87元為目標，失守0.77元則先行止蝕。 祝文韜
20100730-229,20100730,229,窩輪戰機：滙控買盤未撤退　22462可升5成 - 方德正,窩輪戰機：滙控買盤未撤退　22462可升5成 - 方德正 連升7日後，港股稍作整固，相信連大好友也樂於接受。昨日恒指兩度回升皆受壓，大部份時間都處於偏淡與偏靜狀態，但沽壓其實遠較預期中為小，結果幾經拉鋸，恒指還能憑小升2點而造出8連升效應，佩服、佩服。 大市已完成「即日調整」，以一切技術指標都仍甚堅挺計，相信不難出現9連升或10連升。 滙控（005）在公佈中期業績前夕買意轉濃，經連升多日後，昨日雖一度退至80元以下，最低見79.95元，但午後又見買客雲集，彈回80.55元收市，只跌0.35元，而且比開市為高，似無回落迹象，以目前上升軌道推斷，不難翻過250日線所在82.97元，直指1月高位91.52元。 ■滙控C輪22462收報0.123元，跌0.003元，成交600球。此輪2011年12月19日期滿，行使價77.7元，溢價10.6%，槓桿率7.1倍，有效4.1倍，引伸波幅31.7%。正股見91.52元，此輪理論價0.189元，升54%。 方德正
20100730-230,20100730,230,期指戰況：21000關口續爭持 - 吳六奇,期指戰況：21000關口續爭持 - 吳六奇 7月期指昨以21068結算，全月計好友得勝。成為炒友新戰場的8月期指，昨日表現反覆，高開52點後，早段曾倒跌92點，低見20940，其後再度回穩，尾市進一步挾高，並以接近全日高位收市，收21161，升129點，轉高水68點，成交合約5.9萬張。 8月期指回至6月高位20942找到支持，並連續兩日站於21000關收市，日線圖在高位收錘頭，MACD牛差距擴闊，有利後市上試高位，下月可望邁向去年11月中至今的降軌（21710）阻力。但短線而言，滙控（005）及恒生（011）下周一公佈中期業績，難免令短線市況變得波動，料在21000關附近仍有一番爭持。 昨日提過，期指小時圖已出現頂背馳，短線後抽風險仍然存在，若遇回吐，首個支持仍是6月高位20942，此關與250日線（20911）接近，應可一守。 吳六奇
20100730-231,20100730,231,實戰理論：傳統技術分析不能盡信 - 沈振盈,實戰理論：傳統技術分析不能盡信 - 沈振盈 昨日期指結算，大市並沒出現太大波動，不若6月份之時出現大插的情況，全日波幅百多點而已。大市方向未明，恒指收21093，企穩於250日線之上，傳統的技術分析理論應是傾向看好為主，圖表派相信會開始轉軚睇好。但平心而論，其實大家又會否認同筆者過往的論點，就是因為大市波幅跟以往有很大分別，再加上衍生工具的出現，已令一些傳統技術分析理論錯漏百出，最明顯例子就是成交量及移動平均線的可信性，已完全不準確。 21300至21400好淡分界 筆者近年反而多加比重於分析衍生工具的數據，利用期指及期權倉底數據去尋找大市方向，以及一些支持與阻力位，發覺準確性更高。過去一年大市預測，就是最好的證據。現時市況，從期權未平倉合約推算，阻力位應在21300至21400，這將是8月份的好淡分界線。從宏觀資金流向分析，筆者短期看淡，因為外圍負面因素仍是隱憂，而恒指亦從低位回升了逾2000，歐元及英鎊亦已反彈至重大阻力，小心美元隨時轉向，拖累股市。故此，持有之熊證可保留，止蝕位為恒指21400至21500。 周二推介的法巴熊證（61702），竟然在推介當日街貨量急增至88%，前日更100%清倉。筆者很少在本欄推介牛熊證，估不到《蘋果日報》威力這般大。雖然發覺有問題而建議換馬，但已亂了陣腳。昨日發行商無開盤，雖然自己已換馬，但亦擔心一眾學生及Fans被困，已即時致電輪商開盤。其後輪商亦回覆，因為其發行量不多，過往牛熊證並非主打，故此，不知為何突然有大量買盤湧入而出了亂子，下午的開盤亦較積極。今次筆者亦要向大家致歉，因為過往在港股王推介之時，跟隨的買盤沒有這次那麼多，故此影響力較細，不會影響到窩輪的正常走勢，下次筆者會揀多三兩隻選擇給大家分散一下。 沈振盈 證監會持牌人士
20100730-232,20100730,232,財智語陸：本地銀行股似炒過龍 - 陳永陸,財智語陸：本地銀行股似炒過龍 - 陳永陸 內地上證綜合指數已突破2600關口，同時亦收復所有平均線阻力，原本以為內地股市在連升多日後，應有一定回吐壓力，可是以現時趨勢分析，應該仍有上升空間。究其原因，昨日亦點題式提過已有資金密密收集A股，所以上證短期內上試2800關口並非難事，問題是大家關心A股的動力能否帶起港股。 近日收集了身邊朋友意見，略看淡者是因為相信美股會調下來，尤其是前晚聯儲局表示，美國部份地區經濟出現明顯放緩，都是一個看淡因素。 首先，我個人認為目前美國經濟數據是滯後指標，觀乎近日個別行業龍頭企業所公佈業績，比經濟數據公佈來得要好，連碧斯也說睇錯市要買番美股，所以我認為經濟數據對美股影響有限。 外圍股市升跌只是短線炒作的誘因，資金流才是左右股市主菜，所以昨日有錢到炒車股隨即全線急升，按近日盤路應該可炒一兩日，不過如果講質素，華晨中國（1114）主攻貴價車市場是最具可塑性。 穩守突擊選內銀股 工商銀行（1398）亦公佈集資計劃，股價因不明朗因素消除後而上升，可是其他內銀股稍有壓力。由於集資的活動快將展開，料市場會先觀望市場反應，因為近3000億元集資規模，要市場一下子便消化並不容易，故此投資者先行觀望市場消化能力，才對內銀股作新投資決定亦屬正常，從而令內銀股短期表現轉趨平淡。不過由於現時各內銀股的估值仍不高，回吐仍是買入好時機。事實上今年內如要作穩守突擊投資，內銀股仍是最好選擇。 工行計劃私有化工銀亞洲（349），雖然市場早預期，可是仍帶動本地銀行股急升，日前建議大家炒本地銀行私有化或併購概念只宜短線，連日升幅已超標完成，在我而言已賺「夠皮」，是時候落車，因為仍不信其他銀行會重演工銀故事。 陳永陸 獨立股評人
20100730-233,20100730,233,青心直說：整容後遺症代價非輕 - 胡孟青,青心直說：整容後遺症代價非輕 - 胡孟青 前朝早扭開收音機聽番中午收市前大市走勢，遇上當日因進入大摩MSCI指數而起跑嘅農業銀行（1288），股價正上衝向當日高位3.60元進發時，傳來熟識嘅聲音，話隻農行其實係好嘢嚟嘅，仲話ROE有20%，PB都只係1.7倍，係出面有股評人冇睇過招股書，至不識好歹覺得佢質素低買唔過。 唔只講過一次，新股不離炒供求，農行既然咁正咁靚，點解招股時唔可以上限定價？上咗市10日至較招股價升11.5%就叫做叻，見八連陽就也文也武！ 中國銀行業於上世紀90年代以來，一直都背負大量不良貸款，政府為改善商業銀行資產質量、充實資本基礎採取多項措施，包括98年財政部發行2700億元（人民幣．下同）特別國債，以補充四大商業銀行資本金。99年為深化金融系統改革，中央成立咗4家政府全資控股嘅金融資產管理公司（AMCs），接收、管理同處置四大商業銀行不良資產。 01年中國正式加入世貿，中國銀行業開始逐步向外資金融機構開放。08年農行股改前，滙金注入約190億美元，令不良貸款比率由23.57%大降至4.32%，擺明又係打咗Botox至出得嚟見人。 農行風險過份集中 須知整容最大開支唔係整第一次嗰筆，而係日後要定期維修嘅費用，眼見國有商業銀行上咗市幾年貨仔就要再伸手，通通患晒整容後遺症，竟然仲獲得無數讚美，唔通習非成是又係中資銀行嘅特色？ 根據農行招股書內風險因素部份嘅資料，09年底向西部、中部及東北地區發放之貸款餘額，合計佔該行貸款總額36.8%，其中不良貸款餘額合計佔不良貸款總額達50.7%，明顯係風險過份集中。大家最關心嘅住房按揭貸款則佔該行境內個人貸款餘額63.1%，唔算分散。仲有，09年農行之股東權益回報率為18.96%，唔係20%。 胡孟青 獨立股評人
20100730-234,20100730,234,曾淵滄專欄：內需股仍有上升空間 - 曾淵滄,曾淵滄專欄：內需股仍有上升空間 - 曾淵滄 昨日我所提的所謂「短期炒賣」實際上至少也持有股票一兩個月，這是我自己的「短炒」定義，對另一些人而言，持股兩個月已是長期投資，「即日鮮」才算是短炒，我鼓勵長期投資，我自己也通過長期投資獲利不少。當然，我也不會反對短炒，不反對「即日鮮」，股市是各師各法。實際上，缺少了短炒，整個證券業就不存在，人人像我那樣長期投資，股票經紀吃甚麼？今日，全球金融市場已成了一個超級大賭場，你不賭，別人會代你賭，你老老實實地存錢於銀行，銀行卻將你的錢拿去賭，賭輸了，銀行破產，你的存款也沒有了。 銀娛發展潛力高 中國人生性好賭，西方國家的股民比例遠低於東方，假以時日，香港交易所（388）必然成為世界上最賺錢的上市交易所之一。 也因為中國人生性好賭，澳門賭業的營業額早已超越美國的賭城拉斯維加斯，現在，多隻澳門賭股股價表現都非常好，屢創金融海嘯後的新高，其中銀河娛樂（027）特別值得留意，銀娛新賭場建築已進尾聲，融資安排已全部到位，加入這個新賭場，銀娛市場佔有率將大大增加，是目前所有澳門賭場股中發展潛力最大的。 前一陣子，招商銀行（3968）、交通銀行（3328）先後供股，反應很不錯，股價也不因為供股而下跌，因此，供股反而成投資者以低價增加持有該股的機會，緊接下來，工商銀行（1398）也供股，相信反應也一樣的好。 去年11月，恒指見頂回落，但是一些內需股股價依然再往上升，但是，到了今年4月，多隻內需股股價見頂，並出現巨大的調整，那是因為投資者見到中央加重嚴打房地產市場，擔心全面性的宏觀調控會出現，紛紛沽出升幅巨大的內需股，先把利潤放入袋裏。這股調整浪延至溫總理發表必須穩定外需與內需的講話後，內需股才再度回升，前一陣子，我推薦過龍源電力（916）、國藥控股（1099）、騰訊控股（700），昨日，我發現吉利汽車（175）股價也出現突破，值得留意，我也相信，這類內需股的股價回升只是一個開始罷了，相信仍有相當的上升空間。 曾淵滄 城市大學MBA課程主任
20100730-235,20100730,235,火速入市豪宅旺禮頓山君臨受捧,火速入市 豪宅旺禮頓山君臨受捧 山頂地王拍賣掀起買家入市潮，世紀建業（079）更搶在周三賣地當日火速入市，以653萬元購入港島龍頭屋苑鰂魚涌太古城818方呎單位，擬作出租用途。賣地後，跑馬地豪宅禮頓山單日錄得兩宗成交，尖沙嘴君臨天下亦有買家追價入市。 世紀建業買太古城收租 世紀建業公佈，透過旗下旭宏投資有限公司本周三以653萬元購入太古城金殿台元宮閣9樓C室，818方呎，呎價7983元，交易將於今年9月27日或以前完成。該公司為投資控股公司，其附屬公司主要從事旅遊及博彩相關業務。中原首席分區營業經理趙鴻運稱，單位裝修較舊，預計月租約2萬元，呎租約24元，回報約3.7厘。 受百億地王利好消息帶動，禮頓山昨連環錄得兩宗成交。9座中層B室，1206方呎，以2320萬元成交，呎價1.92萬元；同座高層C室，1452方呎，以約3000萬元成交，呎價2.07萬元。 尖沙嘴九龍站上蓋豪宅，賣地後錄得成交。置業18區域董事徐立鋒表示，君臨天下2座低層B室，1460方呎，買家原出價至2280萬元，其後追價70萬元至2350萬元成交，呎價1.61萬元。 利嘉閣區域董事姚偉基表示，凱旋門映月閣中層B室，面積1338方呎，以2560萬元成交，呎價1.91萬元；原業主1年前以2060萬元購入，賺24.3%。
20100730-236,20100730,236,股票拋空紀錄,股票拋空紀錄
20100730-237,20100730,237,中環對冲：小額信貸商機無限 - 楊延德,中環對冲：小額信貸商機無限 - 楊延德 過去幾個星期，全球焦點集中農業銀行（1288）IPO，幸而農行成功上市，現價亦比招股價高出11.5%，令人喜出望外，現時全球焦點則落在即將在印度上市的SKSMicrofinance（SKS小額信貸）。 業務和農行類似，SKS的主要服務對象是印度的農民，但規模則細得多，集資額僅約3.5億美元，和農行的220億美元不可同日而語。SKS能夠吸引投資者注視，首先，小額信貸是一個非常熱門的話題，尤其是在現今社會越來越重視企業責任，而且2006年的諾貝爾和平獎得主，便是印度小額信貸之父MuhammadYunus，他亦是GrameenBank創辦人；此外，SKS上市前股東星光熠熠，包括索羅斯及獨具慧眼的紅杉基金（先後投資Google及Yahoo!）。 印度新股之星SKS 小額信貸，顧名思義是貸款予貧窮階層，而每宗貸款金額非常之低，目標是希望提供寶貴的資金，以協助借款者自力更生脫貧。這個目標市場（以人數計）非常的巨大，尤其是在新興市場，以SKS為例，每宗貸款額介乎22至260美元，客戶貸款後，可能是用來買飼料養牛，或擺攤。 由於印度脫貧的速度沒有中國那麼快速，SKS的潛在客戶人數高達8億人以上（平均每天生活開支低於2美元）；而SKS現時的客戶總數只得500多萬，增長潛力可謂非常驚人。 雖然SKS的目標非常可敬，但是在貸款過程中亦為人詬病，因利息高達28厘，絕對可以算是高利貸。而呆壞賬的比率則相對的低，大約只得0.2%，因此，SKS的股本回報率高達18%。 SKS前景秀麗，因此IPO的估值亦非常進取，高達5倍市賬率，比起農行的1.7倍可謂非常驚人！ 楊延德 中環資產投資有限公司董事 mailto:yeunga@cai-fund.com 逢周二、三、五刊出
20100730-238,20100730,238,投資學堂：放榜前夕空軍瞄準滙控 - 譚紹興,投資學堂：放榜前夕空軍瞄準滙控 - 譚紹興 下周一大笨象滙豐控股（005）公佈中期業績，雖然近年港股已差不多是國企股的天下，尤其是一眾內銀股已成了不少散戶的寵兒，但大笨象影響力仍在，每次公佈業績皆令港股出現一定的波動，更多次扭轉港股的走勢。在滙控公佈業績前夕，筆者翻查資料，察覺近日空軍有再度活躍迹象，除了本周滙控的沽盤增加外，周三沽空額更高達2.8億多元，再度成為當日沽空額最高的股份，估計空軍亦有一定部署。 綜觀早前多間美國銀行如摩根大通、美銀及花旗等公佈的業績，相信今次滙控的成績表應該不會太差，筆者反而會留意其管理層對前景之預期，相信對其股價會有更大影響。此外，正如早前某外資行的研究報告所指，自去年供股集資、減派股息，及結束部份美國業務後，令滙控的資金水平極之充裕，一級資本充足比率升至10多年的高水平，因而有再度大幅調高股息的機會，對不少長線投資者來講，派高股息更為重要。 走勢上，在連日急升後，滙控正逐步逼近250日線82.98元，由於滙控是恒指比重最高的成份股，故滙控能否重上250日線，對港股能否穩守牛熊分界線頗為重要。好像滙控於4月28日失守250日線，恒指亦在隨後5日跌破250日線，可見滙控的市值雖不及個別內銀股，但對港股的影響力仍頗高。 譚紹興 證監會持牌人士 筆者持有滙控及相關衍生工具 mailto:ricky@rickytam.com
20100730-239,20100730,239,投資的天空：怨氣股反彈短炒金山軟件 - 張士佳,投資的天空：怨氣股反彈短炒金山軟件 - 張士佳 前兩天，筆者用「市有市走，股有股行」去描述大市，正是這兩天的寫照。追落後的旅程確已開始，期指在21000附近浮沉，未有明確走勢，反觀個別板塊如汽車、手機、智能電網股，卻有4至10%升幅。說來奇怪，同板塊的個股有些升，有些跌，並不同步，其實升的都屬於一個板塊，叫做怨氣股板塊，即先前大家寄予厚望，卻跑輸大市、跌幅驚人的蟹貨股，如吉利汽車（175）、中國重汽（3808）、A8電媒音樂（800）、旭光（067）、浪潮國際（596）等。 筆者相信在下星期一大笨象成績表公告之前，市況難以突破，只因先前升幅已巨，業績公佈前應有獲利行動。亦由於此，大家便換出已升股，換入落後股，因為跌幅已巨，雖則未必可以大升特升，但相信跌幅有限，安全系數較高。 未勁彈　跌極有限 大市未有突破，吼買怨氣股的行動應可繼續，最好揀股價低於250日線一段距離，未大力反彈但基本因素不太差的股票，除了先前提及的旭光外，網遊股金山軟件（3888）正符合此條件。金山軟件首季盈利按年下跌11.07%，下半年亦可能受文化部較早前發佈的《網絡遊戲管理暫行辦法》影響。《辦法》要求網絡遊戲虛擬貨幣交易服務企業，不得為未成年人提供交易服務，或影響其收入，但股價已反映。金山軟件其中一個弱點，是在線遊戲的市場份額偏細，但09至13年市場複合增長率預計有21%，估計亦可受惠。加上金山軟件將接連推出「獨孤九劍」及「月影傳說」等大作，收入應可逐步改善，現價預測市盈率只是9.7倍，有一定值博率。但市佔率有下跌趨勢，圖表上亦似是反彈多於真升，屬短炒無妨，長揸無謂。 張士佳 筆者持有吉利、重汽、旭光、浪潮以及金山軟件 mailto:sky788cheung@gmail.com
20100730-240,20100730,240,貸評山下：歐美銀行的保護層 - 黃元山,貸評山下：歐美銀行的保護層 - 黃元山 近期歐美銀行股大升，背後有着不同的原因，包括歐洲寬鬆的壓力測試、美國的金融法案通過，和巴塞爾最近寬鬆的規定等。 新通過的金融法案對美國金融業有多大的影響？有人說完全沒有，因為投資銀行的競爭模式一直是Oligopoly（寡頭壟斷），少數競爭者控制了整個市場，使他們具有極大的議價能力，賺取EconomicRents，只要這個形式一日不變，投行的盈利便有保障。也有人說，這些金融法案會帶來根本的改變，因為法案是美國大蕭條以來最大的改變。 美金融法案無助降風險 之前我寫了一篇6000多字的長文探討美國金融法案的一些細節，我認為今次改革目的，不是要改變一些根本性的東西，反而是要為美國的銀行業加一些保護層。就像汽車內的Airbags和安全帶，並不是要改變開車的方式，也不是要減低撞車的風險，只是降低撞車後帶來的破壞性。 換言之，改革毋改投行的寡頭壟斷，也不會減少將來金融海嘯發生的風險，只是希望當金融海嘯發生時，對金融體系和經濟的傷害性降到最低。所以，車沒有改變，開車的人也是一樣，變了的是加了一些Airbags和安全帶。 未提增加資本充足比率 當然，所有其他的Airbags和安全帶都是次要，減少撞車風險的最重要因素，仍然是銀行資本充足比率，這個在美國的金融法案中沒有提及，而最新的巴塞爾條例建議亦令人失望，本來有談到的一些有建設性措施將被淡化，如在資本需求中加進一些Counter-cyclical的機制，即在牛市時，加大撥備的準備，在熊市時，卻使銀行有足夠的資金營運。這個建議可能變為一些在必要時會轉化成股票的債券，以避免在牛市時增加資本的需求，只需發行這些可轉股票債券。這對銀行來說相對便宜，卻不會減少撞車風險，當這些債券被迫轉換為股票時，同樣會引起市場震盪。 總括來說，保護層是多了，撞車風險卻沒有減少。 黃元山 中大全球政經碩士課程兼任講師 mailto:wongcomment@yahoo.com.hk 王良享、丁世民、溫灼培、羅家聰及黃元山專欄，將於周一至周五輪流刊出
20100730-241,20100730,241,港元定期存款息率,港元定期存款息率
20100730-242,20100730,242,外幣兌港元,外幣兌港元
20100730-243,20100730,243,銀行最優惠利率按揭計劃參考,銀行最優惠利率按揭計劃參考
20100730-244,20100730,244,外幣存款息率,外幣存款息率
20100730-245,20100730,245,銀行同業拆息,銀行同業拆息
20100730-246,20100730,246,賣地效應新地、信置部署加價,賣地效應 新地、信置部署加價 賣地成績符預期，增強發展商對後市信心，新盤市場醞釀加價潮。今年積極散貨的新地（016），揚言旗下4個一手盤計劃加價，涉及單位約715伙，銷售中的鴨脷洲南灣佔58%。 新地代理執行董事雷霆表示，賣地成績造好，集團旗下鴨脷洲新盤南灣，將於未來數日與合作夥伴商討加價事宜，由於單位貨種有別，加幅待定。整個項目迄今累售逾300伙，市場指，該盤昨再售出逾16伙。 包括南灣峻弦帝峯等 新地除南灣外，其他貨尾亦趁市旺部署加價。新地業務部項目總監張卓秀敏表示，集團看好後市，惜售手上餘貨，新蒲崗譽．港灣、牛池灣峻弦及元朗YOHOMidtown三盤，餘下約300個單位，考慮加價，幅度待定。 信置（083）營業及租務副經理田兆源表示，大角嘴帝峯．皇殿累售逾750伙，套現逾90億元，內地客比例由早前10至15%，升至目前20至25%，過去一周賣出單位中，內地客更佔50%。因應市況暢旺，集團考慮加價。該盤不乏內地客入市，市場指，昨售出4伙中，兩伙由內地客購入。香港置業助理區域董事鍾坤文表示，一名來自廣州的內地客，昨斥1241.9萬元購入8座中層C室，1088方呎，呎價11415元。 TheJava呎價1.8萬　創新高 至於英皇國際（163）的北角TheJava，香港置業區域經理施議新表示，35樓全層，2197方呎，平台122方呎，區內換樓客以3956.4萬元承接，呎價1.8萬元，創該盤新高。
20100730-247,20100730,247,九九金,九九金
20100730-248,20100730,248,港股派息過戶備忘,港股派息過戶備忘
20100730-249,20100730,249,上市公司公佈業績預告,上市公司公佈業績預告
20100730-250,20100730,250,近期宣佈不派息公司,近期宣佈不派息公司
20100730-251,20100730,251,280萬擁922呎連天台元朗悅富豪苑遠離煩囂,280萬擁922呎連天台 元朗悅富豪苑遠離煩囂 元朗大生圍遠離城市煩囂，該處除老牌洋房屋苑錦綉花園外，尚有不少知名度稍遜的屋苑式項目。其中，座落青山公路潭尾段靠近壆圍的悅富豪苑，原屬村屋項目，經發展商收購及重新設計，搖身一變為低密度屋苑，提升物業質素，規劃有點似別墅，但又不失村屋間隔實用的優點。樓價經濟實惠，約900方呎單位，連租約盤源低至250萬元，交吉盤則280萬元有交易。 享單邊地利設獨立樓梯 對於嚮往寧靜生活，希望空間住得鬆動，以及有簡單康樂配套，悅富豪苑可合以上所求。項目仍在發展中，暫定有40餘座，部份尚未完成補地價，暫時售出37座。各座由地下至2樓合共3層，地下連1樓為複式，面積1299至1400方呎，附300至1300餘方呎花園，2樓連天台，面積810至922方呎，天台俱約700方呎。 屋苑入場之選為面積較細的2樓連天台單位，設有獨立樓梯上落，毋須與地下複式共用入口，雖然上落頗費腳骨力，但畢竟所涉銀碼較複式小，受買家歡迎。介紹的2樓連天台單位享單邊地利，私隱度更高，單位面積922方呎，屬同類最大類別。地下入口樓梯旁有充裕空間，可以充當玄關及建鞋櫃，樓梯底則可闢作貯物室，增添實用性。沿樓梯有大窗透光通風，無侷促感。 沿樓梯直上2樓，全層四正工整，分區有條理。樓梯靠邊在角落，無礙客廳擺位，約10呎闊，電視地櫃及梳化保持適當距離，側旁設落地玻璃趟門往大露台，日照亦充份入室，十分光猛。另一邊為飯廳，設有對流窗，加上相鄰廚房鑲玻璃屏及玻璃門，效果通透，增添開揚感。 寢區設三房連套房，惟空間分佈不平均，當中最大是套房，約100方呎，睡床置於角落，側旁及床尾餘下闊通道。兩間細房內櫳小，1間訂做組合家具，附兩張一高一低睡床，以供傭人及幼童共用房間。另1間用三邊牆壁建書枱及衣櫃，闢作工作連衣帽間。 裝修落本設假天花燈槽 戶主原打算自住，全屋落本裝修，廳房建多組假天花燈槽，上下各有光管及射燈，加強照明及添和暖氣氛；牆身鋪磚易打理，電視櫃後一壁鋪雲石及藝術玻璃作對比，飯廳飾櫃連側旁牆身鑲鏡採光及擴展視覺空間。寢區走廊做弧形飾櫃美化。套房床頭及電視櫃後加軟墊牆飾板。廚房設備升級，選用Miele洗衣連乾衣機。此外，所有窗戶安裝窗花，顧及家居安全。 沿樓梯可直達天台，約700方呎，沒有特別裝飾，在此可盡情欣賞附近景色。單位向東南望內園樓景及遠山，但前方地皮未來或會發展，景觀有變數，向西北望綠野景致，視野開揚。 現時2樓連天台放盤，連租約開價250萬元起。介紹的單位裝修佳及連家具，兼且交吉售，開價280萬元，每方呎3037元，叫價及呎價均為交吉盤中最低。 記者：溫潤潔　攝影：孔慶初 模特兒：Isabella（AModel） 間隔：3房（1套）2廳；另露台 呎價：3037元 備註：連家電 租值：1萬元 回報率：4.3厘 資料來源：中原錦綉大道第二分行 悅富豪苑主要資料 地址：元朗壆圍628號 座數：37座（已發售） 住宅樓層：3層 單位總數：74個 建築面積：810至1400方呎 間隔：3至5房 落成：2005年 發展商：達戶有限公司 管理公司：康業服務 管理月費：每呎1.38元 設施：停車場、泳池及兒童遊樂場 備註：物業尚在發展中 校網：小學74網；中學元朗區 配套不多 會所欠奉　車位月租700 悅富豪苑地點偏遠，出入以自行駕車最方便，否則要在附近乘搭小巴或76K巴士，往返元朗市中心、港鐵上水及粉嶺站。住戶亦要留意，屋苑僅約一半的地下複式單位，花園設泊車位；另一半的複式及2樓連天台單位，須租用停車場車位，每月租金約700元。 放盤10個複式叫價參差 物業提供管理服務，管理月費每方呎1.38元。內園公共地方經常打理，保持優雅綠化環境，惟會所欠奉，只有泳池及兒童遊樂場。步行數分鐘抵錦銹花園大道，錦銹花園內有超市、街市及小量商舖，惟路程遠須駕車，該處商戶不多，駁車到元朗市中心有較多選擇。 中原地產分區經理張健業表示，悅富豪苑放盤約10個，地下複式及2樓連天台各佔一半，後者入場門檻低，視乎連租約或交吉，由250萬至300萬元不等，呎價2700餘至3200餘元。 複式單位叫價參差，由410萬至580萬元不等，其中1位業主出貨意欲極高，開價最低，每方呎3100餘元，與2樓連天台放盤呎價相若；至於複式第二平盤開價480萬元，呎價3600餘元；而開價最貴達580萬元的放盤，附連花園860餘方呎，業主惜售，叫價進取，按單位面積1338方呎計，呎價4335元。 悅富豪苑今年僅5宗成交，俱為2樓連天台單位，呎價2495至2759元。地下複式成交追溯至去年10月，1322方呎單位，成交價432.8萬元，呎價3274元。 同區情報 錦綉花園洋房　430萬入場 中原地產分區經理張健業說，位處錦綉花園大道上的低密度物業明珠花園，同樣提供地下複式及2樓連天台單位，但規模細，僅設3座合共12伙，單位面積由1235至1641方呎。現時僅1個2樓連天台銀主放盤，1300餘方呎，開價450萬元，呎價約3400元。物業近兩年無成交。 明珠花園　兩年無成交 張健業續說，同區樓價相若的項目，有屋苑式村屋項目星際華園，共建33幢，提供95伙，除兩幢為2100方呎獨立屋外，其餘皆為標準分層戶，包括地下連花園、1樓連露台及2樓連天台，面積俱為700方呎。1樓連露台屬入場之選，當中1個向公路有車聲的放盤，叫價160萬元最平，呎價2286元。2樓連天台單位，現有連租約放盤，叫價200萬元，呎價2857元。地下連400餘方呎入契花園單位，開價230萬元，呎價3286元。 星際華園最近成交於5月，1個地下單位，但所連1000方呎花園不入契，須向政府繳付地租，成交價188萬元，呎價2686元。 此外，具規模的錦綉花園最細洋房850方呎，實用率近100%，標準花園928方呎，現時叫價430萬元起，呎價5059元。7月截至21日，屋苑錄得24宗成交，850方呎佔9宗，視乎地段位置及景觀，成交價406萬至500萬元，呎價4776至5882元。
20100730-252,20100730,252,二手速遞　市區南豐新邨高層27年漲8.5倍,二手速遞　市區 南豐新邨高層27年漲8.5倍 ▲香港置業溫智力稱，鰂魚涌南豐新邨（圖）9座高層F室，474方呎，以303萬元易手，呎價6392元。賣家83年購入價32萬元，大幅獲利271萬元，勁升8.5倍。
20100730-253,20100730,253,二手速遞　市區丹拿花園高層12年升23%,二手速遞　市區 丹拿花園高層12年升23% ▲北角丹拿花園3座高層B室，1016方呎，成交價825萬元，呎價8120元。世紀21日昇黃文龍透露，賣方98年以672萬元購入，進賬153萬元，升價22.8%。
20100730-254,20100730,254,二手速遞　市區港運城高層六年獲利69%,二手速遞　市區 港運城高層六年獲利69% ▲中原林龍南表示，北角港運城1座高層G室，1013方呎，成交價828.8萬元，呎價8182元。原業主04年以489萬元入市，升值69.5%。
20100730-255,20100730,255,二手速遞　市區宇晴軒高層四年獲利23%,二手速遞　市區 宇晴軒高層四年獲利23% ▲長沙灣宇晴軒6座高層F室，662方呎，成交價410萬元，呎價6193元。置業18黎應龍說，賣方06年以332萬元購入，賺78萬元，漲價23.5%。
20100730-256,20100730,256,二手速遞　市區柏景灣中層兩年升27%,二手速遞　市區 柏景灣中層兩年升27% ▲利嘉閣馮樹勳表示，大角嘴柏景灣7座中層E室，618方呎，以458萬元易手，呎價7411元。原業主08年9月以360萬元買入，升值27.2%。
20100730-257,20100730,257,公僕宿舍拍賣逾2億沽,公僕宿舍拍賣逾2億沽 【本報訊】山頂聶歌信山道地王成交價雖逾百億元，但仍欠驚喜，故產業署昨推出拍賣的11項住宅連車位物業，買家出價也顯得理性，其中兩項更因無人承價而收回。成功售出的單位套現共2.261億元，當中以大坑愉富大廈3個單位較受歡迎，成交價較開價高22%至41%。 愉富大廈高開價41% 產業署事隔大半年後，趁豪宅市道復旺，再推出一批前高級公務員宿舍單位，昨委託代理以拍賣方式出售。愉富大廈3個單位均吸引4組買家競爭，承價17至22口不等。其中A座6字樓單位連車位，成交價2820萬元，較開價高達41%，為最高成交溢價單位；同座20字樓單位是昨日最高成交價單位，達3210萬元，呎價近1.6萬元，較底價高約22%。 此外，摩星嶺翠海別墅單位及跑馬地比華利山A座2樓單位，也頗受市場追捧。翠海別墅單位承價多達27次，最後由投資者以2480萬元購入，高開價逾25%，呎價達1.45萬元。 有意爭逐該單位但落敗的孫先生稱，價錢高過自己心目中底價，故放棄。他覺得最近樓價處偏高水平，要小心入市，但不認為昨日拍賣結果有受到前日賣地成績影響。 另跑馬地比華利山A座2字樓單位也獲3名買家追價20口，最後以2420萬元成交，較開價高出逾24%，買家李太指購作收租。 另一個比華利山D座8字樓單位，買家反應稍差，成交價只較開價高6.7%。 碧瑤灣2伙未到價收回 昨推出最多單位的薄扶林碧瑤灣，買家出價相對審慎，5個單位中，只售出3個，兩個因未有買家承接而要收回。其中溢價最高單位為43座19字樓連雙車位，成交價2400萬元，溢價14.3%。 至於投得另一個碧瑤灣單位的鄭生指出，現時資金充裕，令豪宅造好，他認為未來一年樓價也不會下跌，自己更睇好港島區豪宅物業。
20100730-258,20100730,258,二手速遞　新界慧景軒高層六年升60%,二手速遞　新界 慧景軒高層六年升60% ▲中原梁天峰表示，天水圍慧景軒2座高層D室，724方呎，作價198萬元，呎價2735元。賣方04年以123.4萬元購入，升值60.5%。
20100730-259,20100730,259,二手速遞　新界蔚景園中層五年漲65%,二手速遞　新界 蔚景園中層五年漲65% ▲香港置業羅英傑透露，沙田蔚景園1座中層B室，471方呎，成交價260萬元，呎價5520元。賣方05年購入價158萬元，進賬102萬元，漲價64.6%。
20100730-260,20100730,260,二手速遞　新界邁亞美海灣高層兩年升23%,二手速遞　新界 邁亞美海灣高層兩年升23% ▲屯門邁亞美海灣5座高層B室，611方呎，成交價180萬元，呎價2946元。美聯何啟邦稱，賣方08年以146萬元購入，賺34萬元，升值23.3%。
20100730-261,20100730,261,二手速遞　新界新港城低層兩年獲利30%,二手速遞　新界 新港城低層兩年獲利30% ▲世紀21奇豐徐永成表示，馬鞍山新港城D座低層2室，406方呎，成交價194.5萬元，呎價4791元。原業主08年6月以150萬元購入，獲利44.5萬元，升值29.7%。
20100730-262,20100730,262,二手速遞　新界將軍澳中心低層一年賺23%,二手速遞　新界 將軍澳中心低層一年賺23% ▲將軍澳中心（圖）8座低層C室，546方呎，作價273萬元，呎價5000元。利嘉閣溫錦駒表示，賣方去年中以222.8萬元購入，獲利50.2萬元，升值22.5%。
20100730-263,20100730,263,雪糕扮意粉　啜得過癮,雪糕扮意粉　啜得過癮 烈日當空之下，有乜好得過食啖冰凍雪糕，讓凉快感覺由口腔直滑胃部，如果嫌食雪糕太單調，不妨加些生果，或者將雪糕整成意粉，一條條的雪糕，包你食得更過癮，今日君悅酒店的葉師傅更會公開自家製開心果雪糕的配方，學識咗理論上乜味的雪糕都整得到！ 記者︰黃家欣 攝影︰王文忠 大廚PROFILE 葉世鈞 （香港君悅酒店餅房主廚） 於君悅酒店任職逾十五年，除擅長製作特色甜品之外，更熱愛製作大型的結婚蛋糕，手工相當精細。 自家製開心果雪糕 在家做雪糕一般會用雪糕機，其原理是一面將混合物打勻、一面冷凍，若家中無雪糕機，可將混合物放入冰格，每隔半小時取出打勻，但記得不要將雪糕冷藏太久而不攪動，否則就會雪成硬塊。 材料︰ 蛋黃2隻、砂糖100克、忌廉500毫升、牛奶300毫升、開心果醬35克、開心果碎適量 做法︰ ①忌廉、牛奶注入鍋，用中火加熱至滾，熄火備用。 ②蛋黃加入砂糖，打勻至糖溶解，並轉為淡色。 ③開心果醬加少許熱忌廉開稀後放鍋中，拌入餘下忌廉。 ④將開心果糊漿注入蛋黃拌勻後，放入雪糕機。 ⑤攪拌約10分鐘後，即可取出，拌入開心果碎，即成。 意大利麪雪糕 00hr50min 製作難度：★★★☆☆ 份量：1人 沒有特製的意大利麪雪糕機，你可用隔篩造出類似效果，記着器具應放冰格冷凍，以免雪糕遇室溫融化。 材料 麪粉200克、蛋白3隻、牛油/雜莓各20克、砂糖100克、冧酒少許、呍呢拿雪糕120克、白朱古力碎少許 做法 1.麪粉過篩後，加入蛋白、牛油、砂糖、冧酒拌勻成糊狀。 2.將少許糊漿注入已預熱的薄餅機內，以200℃烘約4分鐘至兩面金黃。 3.取出脆薄餅，趁熱放入碗中用重物壓成兜形，放凉。 4.將雪糕放入意粉機內，壓出一條條意大利麪，用薄脆盛起。 5.灑上雜莓、白朱古力碎，即成。 德國雜莓呍呢拿雪糕杯 00hr30min 製作難度：★★☆☆☆ 份量：1人 德國的傳統甜品RoteGrutze，帶不同的莓酸味，層次豐富，宜配較清甜的雪糕。 材料 桑莓200克、砂糖1/2茶匙、檸檬汁少許、呍呢拿雪糕60克、雜莓50克 做法 1.將桑莓連同砂糖，加少許檸檬汁，放入攪拌器打勻後，用隔篩過濾成為桑莓醬。 2.雪糕與40克雜莓拌勻，用匙羮將莓略為弄碎後，放入杯中。淋上莓汁後灑上其餘10克雜莓，即成。 三文治雪糕 00hr20min 製作難度：★☆☆☆☆ 份量：1人 烘香後的三文治，外脆內軟，一冷一熱的對比效果，相當有趣。 材料 麪包1個、朱古力雪糕30克 做法 1.預熱烘麪包機。麪包切開口後，放入雪糕變成三文治。 2.將三文治放入烘麪包機，烤約兩分鐘，取出即成。 香桃呍呢拿雪糕杯 00hr30min 製作難度：★★☆☆☆ 份量：1人 果香十足的蜜桃，配上莓汁，夠清新。 材料 桃2片、呍呢拿雪糕60克、杏仁片10克、忌廉（已打起）/桑莓各200克、砂糖1/2茶匙、檸檬汁少許 做法 1.將桑莓連同砂糖，加少許檸檬汁，放入攪拌器打勻後，用隔篩過濾成為桑莓醬，備用。 2.杏仁片放入乾鑊烘至金黃及浸出香味。 3.雪糕放入杯中放上桃，淋上少許桑莓醬。 4.再放上已打起的忌廉，最後灑上烘香的杏仁片，放上曲奇脆片裝飾，即成。
20100730-264,20100730,264,$0出iPhone4×iPad任玩　最抵蘋果餐,"$0出iPhone4×iPad任玩　最抵蘋果餐 新iPhone4今日登陸香港！唔知醒去蘋果店排頭位搶貨？喺網絡商上台出機囉！今次最大分別，係率先有貨供應網絡商由一間變五間，除例牌$0機價月費，估唔到3仔再出招送iPad無限Data任玩，如果你係蘋果死忠粉絲兼大部份時間都用嚟上網，呢份「蘋果餐」肯定啱你胃口。 記者：陳國輝 攝影：梁細權 Model：Kinki@PureModels $398月費送機無新意 呢次提供iPhone4月費Plan嘅網絡商，除咗3仔，仲有數碼通、1010、One2free及PCCW共5間！或者你認為，只要四周圍格一格價，咁咪知道邊間出機最平囉！ Sorry！咪天真，如果你想出個$0機價月費，基本上3仔、數記、PCCW同樣要選$398或以上月費，並簽約24個月，再者，三家都要先付$4,480（16GB）及$5,280（32GB）作預繳，即係話任可一間都唔會特別着數。 但講到舊客仔，似乎3仔比較So啲！皆因用緊$498月費嘅舊客，若選擇再續約兩年，佢除咗唔使畀$580出部32GB版iPhone4，仲可以免費開多張MicroSIM（合共兩張），享用無限Data，變相一個月費任玩iPhone及iPad上網，蘋果Fans一定最受落。 上台劏機？無着數！ 當然，好多人上台其實另有目的，想要部機啫，上唔上網話之佢！以3仔為例，選用最平$138月費計劃，想出部16GBiPhone4，其實無着數。因為簽約兩年嘅話，月費成本就係$3,312，加埋機價$3,380，總月費成本就達到$6,692，而去蘋果店買部16GB都係$4,988，無So！如果揀個貴Plan仲離譜，以$398計劃為例，月費成本已高達$9,552，真係零機價都補唔番！ iPad月費唔綁約 最高月費大拿拿$400，唔係人人用得起，但如果你又想出iPad，亦有好方法！3仔、數記以及PCCW已經推出MicroSIM月費計劃，前兩間除咗提供低用量計劃，即$98就享有250MB數據用量之外，仲唔使綁約，話唔玩就即刻可以鬆人，簡直無壓力！ 先達水貨就跌破萬喇！ iPhone4淨機唔使$5,000，唔止你覺得震撼，甚至乎對先達Sales嚟講，更係萬二分擔心！佢哋唔怕水貨走唔甩，至怕一旦行機供貨充足，水機就焗住要冧。T-PerfectMobile店員阿康話，自從幾日前收到iPhone公佈定價，16GB水貨已即時由萬四蚊勁插水至萬一，更慘係揸住成手「蟹貨」嘅舖頭，隨時每部蝕住賣，慘如割肉！佢仲話，以前得3仔有機出，今次變成5間，貨源又充足，水貨價穿一萬已可肯定，至於行貨會否炒升，就要視乎供應喇！"
20100730-265,20100730,265,W20玩原音　回歸Cassette,"W20玩原音　回歸Cassette 自稱潮人，無理由唔用iPod！咁MP3、aiff呢類咁「潮」音樂格式呢？如果統統都無，咁你可能係100%「原」始人！唔係話你Out，原！只係指最接近CD原音，索愛新返W20扮回到Cassette年代，除咗外貌跟足，更支援無壓縮音樂格式，對靚音色有要求，可能啱你！ 記者：陳國輝 攝影：林栢鈞 Model：MeiMei@Jacso 老行尊：人聲背樂有層次 W20把聲靚唔靚？馬上搵嚟資深耳筒專家Mingo評一評；佢話不經壓縮嘅音樂檔案，大部份人或許只識WAV，其實FLAC亦屬其一。W20同時支援FLAC、MP3音樂格式，由於前者以原汁原味輸出，除咗中音表現出色，同時亦可突出高音和低頻效果，至於MP3雖然獲得大部份聽眾接受，但高、低音部份會被刪走，即係話有失真情況；不過MP3勝在所佔空間小，一首歌只係幾MB嘢，但一首4分鐘嘅FLAC音樂，就已經用咗40MB，認真大食！ 至於W20嘅音色，Mingo就覺得背樂分析力幾強，如果夾埋人聲，仲保留到豐富嘅層次感。但佢補充，其實坊間有好多價錢勁低嘅MP3機，雖然也支援FLAC，但音色未必靚，反而你加多個耳擴，效果才會明顯。 唔支援3.5mm失敗 講到音樂分唇，W20還支援FM收音機、內置ClassicWallpaper外，你絕對估唔到，原來佢仲玩上背景混音效果！你可以將飛機聲、嘈雜嘅街道聲，插入成為你嘅通話背樂，整蠱朋友，同時亦可將MP3音樂喺傾緊電話嘅時候，直接播畀對方聽；不過最失敗係竟然唔支援3.5mm耳筒，要插其他Headphone嘅話，要先買多個轉駁器（約$100），真激氣！ Mingo推薦靚聲耳筒 TDKEB-900 採用全耳式設計，高中音表現平均，拎出街聽應該最少Lost。 WoodFunM1 最特別肯定係個全木製Housing，除咗樣靚，低頻表現仲勁強。 SennheiserPX100 屬多年前翻炒型號，黃色海綿夠晒Classic，中音表現最強。 亦軒（27706919） Profile 制式：	WCDMA/GSM四頻 體積：	103×52×16mm 重量：	151g 屏幕：	2.6""TFT 通話時間：240分鐘 主要功能：HSDPA、320萬像素相機、支援MicroSD、Walkman播放器、FM收音機 顏色：黑、銀、粉紅 SonyEricsson （82038863）"
20100730-266,20100730,266,E神DaDa堅料無添加　止汗也Natural,E神DaDa堅料無添加　止汗也Natural OL朋友跟我說：「搭地鐵可以聞到各式各樣的氣味。」我說：「咁咪幾特別！」朋友即變面：「臭狐、汗味、異味，有幾特別？」唉！其實為他人着想，唔該各位自重，有汗味者就用止汗劑啦！我都明白汗水不能控制，但異味是有方法掩飾的，連百果園E神陳靜（DaDa）都話自己無噴止汗劑嗰日就唔敢行埋別人身邊，講真有汗味邊有人敢埋身？靚女都咁講，閣下自己諗。 記者：胡卓琳 攝影：林栢鈞 Model：DaDaChan Makeup&Hair：PinkoC 場地提供：Mr.SteakGrill（28021128）銅鑼灣加寧街5-7號C&D地舖 女神最愛噴霧式 恕我偏激，事實上我敢肯定世界上是沒有「香汗」這回事，汗水明明係人體分泌，何來會有香味呢？就正因為要按住汗水加上細菌而形成的體臭，聰明的人類才研發止汗劑出來。一般來說止汗劑分為噴霧式及走珠式，DaDa就話愛前者，因為貪噴霧止汗劑夠方便：「噴霧式的止汗劑畀我感覺噴出來範圍較大亦較均勻，而且我喜歡揀有香味的，香水止汗一次過，啱晒我呢啲懶人。」拍攝途中，DaDa對adidasFemaleMatrix系列中的海洋系列愛不釋手，「我好鍾意呢支海洋味止汗劑，有香味又有Function，夠晒方便。其實我自己很愛清新的香味，我喜歡聞落雨或者海水的大自然香味，所以這支海洋香味尤其能夠吸引我。除此之外，我亦不介意噴男裝香水，因為以前男朋友不在我身邊時，我都會噴他的香水，聞到他香水的氣味就如感到他在身邊。」估唔到DaDa咁浪漫。 走珠溫和不刺激 其實DaDa認為噴霧式止汗劑噴出來較均勻是錯的，實情係走珠式才可將止汗劑更平均分佈在汗腺位置，因此亦較有效減少過度集中接觸止汗劑而引起刺激，當然亦會較溫和不刺激。adidasaction3系列分噴霧式及走珠式，以Function行先，分別有清爽、抗敏、淡香及滋潤的功能，各人可就個人喜好各取所需。 止汗劑噴邊度？ 醫生解答知多啲 1.止汗用品大多擁有甚麼物質來達致止汗效果？ 它的主要成份均為氯化鋁，再配合不同芳香劑製成。氯化鋁本身為一種穩定、不含刺激性和毒性的化合物，一般不會引致敏感、發炎。不論屬粉狀、噴霧或啫喱狀，當氯化鋁接觸到毛孔後，即可阻塞汗液流出和減緩汗腺分泌速度。 2.止汗用品的作用大約維持多久？ 大約維持六至八小時。如止汗劑中加入芳香劑、防腐劑或酒精，即有可能導致敏感。 3.是否建議每天使用止汗用品兩次以上？ 建議每天以兩次為上限，且應於未出汗前塗抹，否則效用不大。 4.止汗用品會否影響毛孔暢通？ 一般止汗用品不會影響毛孔暢通，但要留意若止汗劑中加入芳香劑、防腐劑或酒精，即有可能導致敏感。如有發紅或痕癢的過敏反應，便應更換。 5.止汗用品是否可以全身使用？ 使用止汗劑的目的是減少汗液分泌從而避免體臭，而體臭是跟大汗腺過多的汗水分泌有關。汗水本身是沒有氣味，但它含有揮發性脂肪酸經皮膚上的細菌分解，便是體味的來源，若腋下分泌的汗水過多，氣味便更濃烈。因此止汗用品一般只建議用於腋下位置，因為這是體味的來源。 以上產品於萬寧、屈臣氏、百佳及各大化妝品連鎖店有售 顧客查詢熱線：26355951
20100730-267,20100730,267,吃黑新勢力,吃黑新勢力 顏色鮮艷及present得出色的食物都能令食慾大增，但若食物披上黑衣，或會令人食慾大減！猶幸全身烏卒卒的黑色食物，勝在有內涵，中醫說補腎最好，營養師又讚能抗氧化兼防癌，實屬優質的黑勢力！ 記者：陳珮娟 攝影：林栢鈞 鳴謝：資深營養師黃榮俊 【花青素】（Anthocyanin） 常見於紅色水果及黑色（紫藍色）水果，以消除自由基（有助抗癌），抗氧化，增強免疫力及有抗炎功效！ 每日5色入肚 何謂5色蔬果？就是一天內要把5種顏色的食物吞落肚，再攝取魚肉、五穀、蛋及奶等，5份蔬果中又要分為3份蔬菜2份生果，方能養生。 黑色（紫藍色） 如茄子、藍莓。維護泌尿系統、增強記憶力、防癌 紅色： 如番茄、荔枝。保護心臟、防癌、抗老化 綠色： 如黃瓜、青椒。明目養神、防癌、強健骨骼 白色： 如竹笋、香蕉。調節血壓、抗炎、降膽固醇、穩定血糖、防癌 橘黃色： 如南瓜、芒果。保護視力、增強免疫力、穩定血糖、防癌 黑色入腎　秋冬補身期 醫林軒香港註冊中醫師趙玉梅：「根據中醫食療的概念，食物均以性能分類，分別為『食氣』、『食味』及『歸經』」。「食氣」即食物屬於寒、熱、溫、凉等；「食味」包括酸、苦、辛、甘、鹹。而「歸經」則以心、肝、脾、肺、腎、胃、膀胱、大腸、小腸劃分。「另一較簡單的分辨，就是以顏色作區別，即紅色入心，青色入肝，黃色入脾，白色入肺及黑色入腎。」今天介紹的食物以黑色為主，部份更歸經於腎，由於腎與冬相應，8月頭就是立秋之期，秋冬選擇這些食物補腎才最合時宜。 花青素抗癌勇士 一般來說，黑色（紫藍色）的蔬果都具抗氧化能力，可以保護身體的細胞免受自由基襲擊。所謂自由基（FreeRadicals）其實是體內一些不穩定分子、原子或離子，為了達到平衡，會掠奪及傷害正常的細胞，造成細胞膜或細胞內部，甚至DNA遺傳基因的損壞。不少致命疾病如心臟血管疾病、癌症、過敏症、糖尿病及關節炎等慢性病，都可能由於體內過量自由基和它們所造成的連鎖反應引致。黑色食物中所含的花青素，就能清除自由基、保護動脈血管壁上的膠原蛋白免遭破壞及預防癌症。此外，黑色食物中亦含抗氧化物如白藜蘆醇，有助延緩衰老。 抗氧化防衰老 此外，相對同類型但顏色不同的食物來比較，黑色食物所含的維他命C往往又比其他食物高，米施洛營養護康中心註冊營養師冼錦鈴舉例：「例如每100g黑棗含55mg維他命C，而提子乾則只有5mg；又如每100g紫色椰菜含53mg維他命C，但一般綠色椰菜則只有36.6mg。眾所周知，維他命C也屬抗氧化物的一種，可見黑色食物在抗氧防衰老方面確有地位！ 黑色兵團－覽 黑芝麻　滑腸防白髮 成份：鈣、鐵、磷等 作用：防白髮便秘 治肝腎不足引起的頭暈眼花、鬚髮早白或腸燥便秘，常吃可補血。 黑糯米　補脾腎易睡眠 成份：鈣、蛋白質、鐵、磷、纖維等 作用：明目及防白髮 具滋陰明目、健脾補肝腎、活血等功效。長期食可促進睡眠，還可治療頭昏目眩、貧血、提前白髮等症。 黑木耳　止瀉痢便秘 成份：鈣、植物蛋白、鐵等 作用：降低膽固醇、幫助消化 治貧血、便血、止瀉痢及便秘等，長服可降血壓及膽固醇，脾虛或大便稀爛忌服。 黑提　抗氧化降血壓 成份：維他命C、葉黃素、胡蘿蔔素等 作用：提升視力、增強抵抗力 強筋骨、利小便等，釀酒飲用可補氣血；含白藜蘆醇及花青素，有抗氧化、抑制癌細胞兼防心血管病、有助擴張血管兼降血壓。 茄子　防食慾不振 成份：胡蘿蔔素、葉酸、鉀等 作用：降血壓、防貧血、消腫利尿、維持皮膚毛髮健康 降血壓、清熱、消腫利尿、健脾和胃，對胃脹悶或食慾不振者最適用。建議最好連皮食，可吸收較多纖維。 黑棗　補脾安神 成份：維他命C、鈣、鐵等 作用：補脾和胃、養血安神 能補脾胃，益氣生津、養血安神。凡有濕痰、積滯不宜服用。 紫色椰菜　強化免疫系統 成份：維他命C、鈣、鉀等 作用：抗衰老、防癌 含花青素、胡蘿蔔素、鉀質，保護細胞免受自由基侵襲，預防癌症。超高的維他命C含量強化免疫系統。 黑莓　強視力抗衰老 成份：維他命C、葉酸、鉀等 作用：抗氧化及改善視力 抗衰老及抗氧化、降血壓、改善視力，增強心血管功能等，它又含維他命C、鉀、抗氧化物和水溶纖維等。 藍莓　明目護膚 成份：鎂、磷、花青素、單寧酸等 作用：明目、舒緩關節炎不適 含鉀、維他命C、胡蘿蔔素、花青素，可防癌及保皮膚健康、減眼睛疲勞及消炎。 黑豆　助骨骼生長 成份：鈣、異黃酮、植物性蛋白質等 作用：減低妊娠腰痛及助長骨骼生長 解毒，治水腫、小兒胎熱，含鈣量高，助骨骼成長及牙齒健康！亦含異黃酮，可調節女性周期、減低來經前的不適及妊娠腰痛。 紫菜　防耳鳴大頸泡 成份：碘、鐵、纖維等 作用：治大頸泡等甲狀腺問題及維持腸道健康 化痰止咳，清熱利水，對於因缺碘而引起的疾病如大頸泡療效顯著；且其鐵含量豐富，可防耳聾耳鳴，降膽固醇。不過多吃易引致腹脹，所以每次忌吃太多。
20100730-268,20100730,268,大聖劈掛動刀槍　連環出擊腦協調,大聖劈掛動刀槍　連環出擊腦協調 談到習武，即時聯想到詠春、太極和少林功夫；其實由宗師耿德海所創的大聖劈掛門，數十年前早已在港植根。第三代入室弟子冼灝英指，詠春和太極講求手部動作，大聖劈掛則標榜大開大合，又有兵器比試，故學習前須從下盤打好基礎，提升肢體穩定性和協調力。 記者：蔡俊業 攝影：林栢鈞 模特兒：陳志健 場地提供：韓國跆拳道學院（28080026） 循環系統（CirculatorySystem） 是圍繞整個人體的運輸系統；將消化所得的營養物質及吸進的氧氣輸送到各器官，同時將器官的代謝物輸入血液，經腎、肺排出；同時又將熱量送到身體各部以保體溫。 陳志健（Otto） 28歲，曾擔任健身教練及模特兒，06年參選香港先生選舉奪亞軍後成為藝人。習武半年。 冼灝英 53歲，七十年代向陳秀中學習大聖劈掛，成為入室弟子，現為無綫藝人。 奇門兵器最多 要介紹大聖劈掛，相信講一星期也講不完，事關當年耿德海創立此門派，是集合寇四猴拳和劈掛拳，還未計算他另外的五位師傅，牽涉範圍極廣。冼師傅用最簡單方式讓讀者理解大聖劈掛的特點，「同其他南方拳術比，詠春比較多手部動作，而大聖劈掛最犀利嘅地方係奇門兵器多，亦有好多動作講求腰馬同走步，所以成個人要夠穩陣，先可以做到。」此門武術的精髓之一是動作講求有氣勢，「大開大合」（動作幅度大），以基本功「穿手」為例，雙腿要盡量張開，配合拳掌姿勢，假若下樁和腰胯的力度不夠或肌肉柔軟度不足，根本無法完成動作，「所以初次接觸呢門武功嘅人，我首先會訓練佢哋嘅體能，例如跳繩，強化心肺功能，帶動血液循環，亦可利用到腳腕呢類平時好少用到嘅肌肉，提升整個人嘅穩定性。」 耿德海集7家真傳 「劈掛」古時稱「披掛拳」，明代中葉流傳於民間，步法靈活多變且步步連環，特點是動作幅度大。至於「大聖門」由陝西人寇四所創，他因被官兵追捕，藏身一間武館，為報答恩情，收館主劈掛拳名師耿榮貴兒子耿德海為徒，後將自己鑽研的猴拳一併傳授。耿德海本身亦曾跟隨杜心五等人，一身集七位大師真傳，將猴拳和劈掛拳融為一體，創立「大聖劈掛門」。 左撇子上手快 當學生有一定體能程度後，就開始學習基本套路，如「穿手」、「打膀」、「地蹚拳」和「十字搥」等，層層遞進，然後才可學習兵器。要數大聖劈掛的兵器種類，分刀、劍、棍、槍等五大類逾20種：斬馬刀、九洲棍、六合大槍等，但學兵器，先要面對雙手和大腦協調問題。「好似練緊體能，其實係練緊身體嘅協調性，因為一般人左右手協調唔得，除非先天係左撇子，咁兩個腦都會轉，所以協調性方面會比較快。」他解釋例如拿起雙刀，右手向對方劈去後，左手未必能即時做出下個動作，「北方地大，打功夫通常係圍繞四角或八邊，所以要有足夠協調，人哋打過嚟先可擋得住，聲東擊西，因為比武嗰陣，你邊有時間諗？」 練30年體弱變鐵打 冼師傅八十年代加入邵氏，從此展開演藝生涯。他說，這行業生活日夜顛倒，要不是早年學武，確實很難熬。「04年由亞視返無綫，第一年拍9個劇，到07年拍《古靈精探》時又要拍其他劇，長時間都唔夠瞓，點知有日起身換褲時踏空拉裂咗左腳腳筋，事關長期熬夜搞到肝熱，肝繫於腳筋，收得太緊，結果要入院兩個星期。」當年師傅快50歲，醫生說此損傷，一般人若可復元五至六成已很好，「打咗兩個月石膏，無做物理治療，7個月後醫生話我復元程度達九成五。」這也拜習武多年所賜。自小身體孱弱，十多歲時跟堂兄向陳秀中習武，過程艱苦，「最初無功夫學，只做體能訓練，兩至三年後才開始學拳。」他說這可訓練體能、反應和意志耐力。不少藝員如Otto、馬國明、麥包和黃浩然等都跟他學習。 拳拳到肉 擒拿手 劈掛棍對打 思路平衡力提升 Suki 習武年資：1年 「未練之前行路好易扭親腳，家平衡力好好多，成個人精神咗，有耐性咗！」 Otto 習武年資：半年 「雖然我大隻，但唔夠柔軟，家覺得成個人協調性好咗，連思路都清晰埋。」
20100730-269,20100730,269,東京直擊NIGO親撐　猿人迷你八達通,"東京直擊NIGO親撐　猿人迷你八達通 八達通賣客戶資料的事件越鬧越大，此刻還介紹八達通是贈興嗎？不不不，聽埋先鬧啦！首先呢張迷你八達通對猿人迷來說是件收藏品，就算唔用都要擁有；再者主腦NIGO任舞親自拍攝迷你八達通做宣傳，咁樣撐到底，你無理由唔Buy？放心！唔使登記個人資料o架！聽日就去排隊啦喂！ 記者：胡卓琳 攝影：譚盈傑 猿人三撐八達通 港人共憤八達通公司所作所為，但你有你鬧時，猿人就一於懶理，繼續撐到底。其實ABathingApe猿人牌與八達通合作早有前科，大抵是見上兩回推出的迷彩八達通套裝均能捲起熱潮，今回品牌設計師NIGO就索性再下一城，攜手三度合作，推出Size細細的ABathingApe迷你成人八達通鎖匙扣套裝。是次的限量迷你版Multi-Color成人八達通Size由大變小，前幅印上經典ABathingApe猿人迷彩圖案作主打設計，及印有「BAPESTOREHK」字句，極具收藏價值。不過講嚟講去，點先可以得到呢？其實呢張八達通仔掹車邊都可以話係免費送嘅，事關是次BAPESTOREHK共推出三款不同圖案的鎖匙扣設計配合，包括經典猿人頭像、黑色及啡色MILO頭像鎖匙扣，買匙扣即送八達通，一套價四嚿水有找，良心價啦！ 買扣送卡 凡購買任何一款ABathingApe別注版鎖匙扣即可免費獲贈限量版BAPESTOREHK迷你成人八達通一張（無得獨立發售o架！），並將於明天（7月31日）發售。 日系Sales親示秋冬新裝 日牌愛用Sales做人肉衣架兼生招牌，今回我們影秋冬新裝，ABathingApe有關方面也安排了日本店的幾位Sales來示範，每位都是在日本雜誌見慣見熟的御用Model，他們在店內跟品牌衣服日對夜對，難怪Carry得咁好。今季秋冬新裝當然不乏迷彩元素，除了一貫最多人Buy的GraphicPrintTee外，還有不少斯文的ChinoPants及恤衫等，似乎猿人也長大了。 ①OnMazzilliErickfromBAPESTOREShibuya 藍色格仔漁夫帽$759、藍色圖案PrintTee$759、藍色洗水牛仔褲$5,199、黑白色高筒Sneaker$1,559 ②OnKotaKaneokofromBAPESTOREShibuya 迷彩GORE-TEX風褸$6,299、卡其色短褲$1,359、綠色BAPESTA$1,799 ③OnRyosukeKabasawafromBAPE×ClusiveAoyama 白色ABathingApePoloShirt$1,359、米白色ChinoPants$2,359、迷彩背囊$1,799、卡其色鞋$3,259 ④OnYujiKuriharafromBAPESTOREHarajuku 灰色圖案PrintTee$759、迷彩ZipUpJacket$2,459、軍綠色ChinoPants$1,899、迷彩Manhunt$3,359 朝聖必到原宿店 BAPESTORE在日本全國、台北及香港都有店，店內設計分別不大，大多以白色的簡約設計為主，而我們今次相約NIGO拍攝的正是原宿BAPESTORE店，店內共三層，分別為地庫及一樓的男女裝及兒童專區，最新二樓則是全新開設以ShopInShop形式經營的ROCKANDROLLSTOREHARAJUKU，這一層主要出售當年NOWHERE所出售的品牌及BAPE與不同品牌的最新限量品，DieHardFans值得來朝聖。 BAPESTORE原宿（03-5474-0204） 地址：東京都澀谷區神宮前4-21-5 BAPESTOREHONGKONG（28689448） 地址：中環皇后大道中10號地下"
20100730-270,20100730,270,兒　歌 - 陶傑,兒　歌 - 陶傑 前殖民地時代，港督金文泰不但會說華語，他在珠江一帶到處採風，出版了一冊專著，研究粵語的民間歌謠。 民間歌謠，是無名的人所作，順應水陸交通流通，尤其水道。珠江水路縱橫，童謠民歌就多了，廣州唱流行，很快就到了港澳。 粵語童謠的第一作品，就是「月光光，照地堂，年卅晚，摘檳榔」了。順德的媽姐把兒歌帶來，從順德番禺的魚米水道，一直到上環和灣仔的唐樓天台。一隻木板櫈，一襲小白褂和黑綢褲子，把清末民初的記憶，連同一鍋蒸魚的飯香傳下來。 小孩初講話，從兒歌的發音學，「檳榔香，買子薑，子薑辣，買葡突」。小時候，我們不知道「葡突」是什麼，唸成了「菩薩」，以為是廟裏的泥像，但菩薩為什麼會苦呢？ 原來不是，葡突是苦瓜的意思。這首兒歌閩南也有，變成了「指薑辣，買羊膽」，在廣東話裏要押韻，「辣」字跟「突」字是一系統，在北方一點的蘇州，跟隨蘇浙話，唱成「薑末辣，買隻鴨」。 小孩從小在兒歌學人情世故。粵語謳比北方的兒歌含蓄一點。北方的小孩唱：「小白菜，地裏黃，三歲兩歲，沒了娘。好好跟着爹爹過，又怕爹爹娶後娘。」同樣的意思，到了廣東，也許是廣東爹爹有錢，後娘早就娶了：「落雨大，水浸街，阿哥擔柴上街賣，細佬着花鞋。」後娘沒有現身，但從歌詞裏就體會到後娘的惡毒了——下着大雨，硬要大兒子到街上賣柴，雨天沒生意，柴也會淋濕的，回到家裏，準是一頓打了，相反，後娘生的小弟，卻在家裏穿花鞋子享福。 江浙的兒歌多數字，江浙的母親揉着嬰孩的小手唱：「一縷麥，兩縷麥，三縷拍打麥」，然後與小孩掌擊為戲，一面喊：劈劈啪，劈劈啪，小孩樂了，母親也摟着他笑開了。 豈止是一縷麥，還有七朵花，十杯酒，十八摸呢，一直唱到少年青春期學壞為止。 有的兒歌因為時勢，從東北唱到嶺南，從廣東唱到南洋，有一齣話劇，叫做「放下你的鞭子」，講一個叫香姐的小女孩，跟她父親街頭賣藝，從東北一直流浪到華北，有一首淚水汪汪的插曲：「高粱葉子青又青，九月十八來了日本兵。先佔火藥庫，後佔北大營，殺人放火真是兇，殺人放火真是兇。」 兒歌裏有新聞資訊，有愛國心，由戲班把國家的苦難傳播江湖。有中國人的地方，都知道日本鬼子幹了什麼壞事。烽煙遍地，山河破碎，兒歌是滲着淚痕的一地黃花。沒有兒歌的一代，算中國人嗎？不算。但一眨眼，一百年過去了……
20100730-271,20100730,271,滬派潮食六月黃　軟硬夾攻,滬派潮食六月黃　軟硬夾攻 踏進8月，是品嚐六月黃的最佳季節。六月黃是上海少年毛蟹，因農曆六月開始肉質肥厚而多膏，故得名。今次便跟東來順的陳師傅試做傳統及新派的上海六月黃食法，品嚐合時嫩滑蟹鮮。 記者：謝翠玲 攝影：譚盈傑 大廚Profile 16歲入行的陳國強師傅，有超過20年的下廚經驗，2006年通過法國藍帶美食會廚藝大師資格。他擅長烹調淮揚菜，當中蟹粉及蟹黃菜式更是一絕。 輕鬆拆六月黃蟹粉 陳師傅說用六月黃來做菜，除了原隻炒，很多時都會把蟹蒸熟拆蟹粉。由於六月黃殼較脆，要拆蟹粉也不會太費力，只要一把蟹剪加長尖棒便可輕鬆完成。 拆蟹粉步驟 蟹不時不食 黃油蟹 本為生長於南中國海地區的膏蟹乸，因天氣太熱而曬溶了蟹膏成黃油。 邊度最正？蟹黃，其蟹膏吃起來甘香，食味質地像鹹蛋黃加油炒後的流沙質感。 六月黃 又叫毛蟹、童子蟹，是經過第三次脫殼的大閘蟹公，外殼脆，內殼軟是其特點。 邊度最正？蟹黃和蟹肉均可。蟹黃分兩層，裏層金黃而外層啡橙色，味道較香甜；而蟹肉則嫩而鮮。 大閘蟹 是河蟹一種，以陽澄湖大閘蟹最聞名，當造期一隻的重量由6両至8両左右。 邊度最正？蟹黃，蟹味濃郁。蟹乸的膏濃味帶實身；蟹公的白膏則有黏口的啫喱質感。 1.六月黃五穀米飯 02hr00min 製作難度：★★★☆☆ 份量：1人 潮流講求健康飲食，追潮流的上海則以六月黃配搭健康的有機五穀米飯，成為當地的健康新食法。五穀米飯較白米有頭，纖維和口感較豐富，配上軟滑的蟹粉，一硬一軟，對比強烈。 材料 蟹粉/有機五穀米/冬瓜肉各2両、葱花/薑茸/鹽/糖各少許、上湯1碗 做法	 1.	五穀米浸1小時，取出，加入3倍水煮飯熟。 2.	冬瓜肉切粒，汆水至熟透，隔水備用。 3.	下少許油至鑊中，爆香薑茸和葱花，下蟹粉同炒，放上湯和冬瓜粒煮稀，加入糖和鹽調味，最後圍邊淋在五穀飯即成。 貼士 平日做菜加少許雞湯可帶出美味，但煮蟹粉只需鹽和糖已能保留六月黃的天然鮮味。 2.蟹粉花蛤湯麪 00hr20min 製作難度：★★☆☆☆ 份量：1人 蟹粉鮮嫩，蛤蜊鮮美，兩者配合起來是上海最流行的新食法。不過在香港要買到上海的蛤蜊並不易，可以取較細隻的花蛤來代替。 材料 花蛤8両（可取2両肉）、蟹粉1両半、上海幼麪1個、上湯6両、熟豌豆仁數粒、葱花/薑茸/鹽/糖各少許 做法 1.	水滾放入上海幼麪，大火煮1分鐘即撈起。把1碗份量的上湯煮滾，放入幼麪，先上碗備用。 2.	花蛤放水中，加少許鹽讓其吐沙後，以滾水灼熟後起肉，浸清水5分鐘徹底清除沙粒，撈起。 3.	以少許油爆葱花和薑茸，加入蟹粉，加入餘下上湯煮開後，下鹽及糖調味，加入花蛤肉，以中火煮起後，加幾粒豌豆仁，即可淋在麪上。 貼士 煮上海麪時不要以為用細火會較好，因為水不大滾，反而會令麪起漿變糊仔而不好吃。 3.蟹粉扒豆腐 00hr20min 製作難度：★★☆☆☆ 份量：3-4人 蟹粉扒豆腐是傳統的上海毛蟹菜做法，多用上布包豆腐來做。但陳師傅說六月黃的膏和肉比大閘蟹更嫩滑，所以改為更幼滑的嫩豆腐來做，才能真正做到鮮、嫩、滑的效果。 材料 嫩豆腐1盒、蟹粉3両、水/上湯各4両、鎮江醋/葱花/薑茸/鹽/糖各少許、生粉水適量 做法 1.	豆腐切件後汆水即撈起，瀝乾備用。 2.	以少許油爆香葱花和薑茸，加入蟹粉、水及上湯，煮滾後下鹽及糖調味。 3.	放入豆腐後，開大火讓湯汁收濃，下生粉水煮至稍稠身，臨食前加入少許鎮江醋提升香味。 貼士 做這個菜式要夠快手，大火快煮縮短烹調時間，以保持嫩滑質感。 4.蟹粉黃魚丁豆瓣茸 00hr40min 製作難度：★★★☆☆ 份量：2-3人 六月黃蟹粉配青綠豆瓣茸是上海最傳統的食法，更是當地蘭桂芳酒家的經典名菜之一。青鮮軟綿的豆茸配充滿河鮮的蟹粉非常好下飯。 材料 鮮豆瓣（蠶豆）4両、黃魚10両（起肉5両）、蟹粉1両半、葱花/薑茸/鹽/糖/生粉各少許、上湯1碗、植物油適量 做法 1.	鮮豆瓣撒上鹽，大火蒸15分鐘取出壓茸，備用。 2.	豆瓣茸加入植物油，以小火炒至成糊狀，先盛碟。 3.	黃魚取肉切丁，加鹽和生粉略醃，放入滾水中灼熟撈起。 4.	以少許油爆葱花和薑茸，加入蟹粉後，放上湯煮開，加入糖及鹽調味，再把魚丁放入拌炒，最後淋在豆瓣茸上。 示範：帝苑酒店東來順總廚陳國強師傅 （27332020）
20100730-272,20100730,272,代Cult1：80後80後粉絲團　fb微博全球追,代Cult1：80後 80後粉絲團　fb微博全球追 上一代人含蓄，迷戀明星，愛用「暗戀」方式，間中好命水撞見偶像，都嚇得呆若木雞，近乎「O」嘴。這一代歌迷追星，舉牌送禮物追車嗌口號乜都做齊，慌死你睇佢唔到。多得先進的科技，各地粉絲團得以聯結同盟，天涯海角，誓死追隨。 記者：葉雪芯 攝影：楊錦文（部份圖片由被訪者提供） 有系統營運粉絲團 剛過去的書展首天，港聞鏡頭中排頭位衝閘的不是o靚模粉絲，而是傅穎（Theresa）的T'sFamily。佢哋一邊嗌住「Theresa、Theresa」，一邊舉晒閃牌Banner浩浩蕩蕩地操入書展會場。搞手之一Maggie亦有份策劃這次活動，她今年廿字尾，由Cookies時代開始迷戀Theresa，「都鍾意咗8年，唔會變心喇！當初都係自己一個去Function，諗住望吓偶像，見到佢就開心。後來慢慢在公開場合見到好多其他Fans，就聯結一齊，最後成立T'sFamily，家會員有二百幾人。」她說，以前的的歌迷會都比較鬆散，凝聚力差，現在這一代好有系統。T'sFamily幾個領導人都比較年長，帶領住一班小妹妹去支持偶像，「大哥哥大姐姐有人生經驗、處事能力、組織力都比較好，講句說話都有人聽，班小妹妹都幾聽話，大家好有規矩好有秩序。」 唱片公司通風報信 以前的粉絲要得知偶像行蹤，要揭報紙雜誌睇「追星表」才略知一二。現今粉絲團消息靈通，如此緊貼偶像消息，多得唱片公司和經理人公司通風報信，Maggie續說，「我哋一路都有同Theresa的公司聯絡，早前雖然佢同舊公司有合約問題，中間有一段時間無乜活動，不過佢一轉到新公司，新助手和新經理人好快又Catch-up返我哋，有時會幫手留起簽名籌或者通知我哋去首映會，上下一心咁撐佢囉。」不止有能力組織香港的粉絲團，Maggie說靠科技還可以聯結大陸、美加等Fans一同撐場，「上一代Fans同Fans之間好難先可以有系統咁聯絡，不過家呢一代Fans，就梗係方便好多啦！我哋有facebook，又有微博，仲可以上網開Forum、寫Blog，通消息好快。好似上年Theresa去加拿大登台，我哋都有幾個Fans過去，一去到就可以搵番加拿大的TheresaFans；今次書展，廣州又嚟咗十幾個Fans，我哋同佢都好熟，閃牌兩份用，佢哋喺書展開幕前一日已經排定頭位，通宵咗一晚。」 鍾意她真正關心我 20歲的Winnie正在讀大專，問到Winnie鍾意Theresa甚麼？「我鍾意佢份人夠Nice，好好人。」同人傾幾分鐘偈就認定係好人？她解釋：「唔係咁，Theresa唔係當我哋米飯班主所以對我哋好，佢會問我哋功課做成點，最近有無唔開心，好關心我哋。有時我哋見到佢就送禮物送花，佢都叫我哋唔好嘥錢，唔好浪費，不如用啲錢去做善事。所以我哋都曾經組埋一班粉絲團去參加賣旗。」迷偶像人人試過，但父母總會擔心吧？「起初爸媽都有擔心，叫我唔好太過份，但我都會分配好時間，而且用在追星的錢不多，FansClub年費都只係$160，好多使費已經包括在內，頂多係付出交通錢同時間，有啲後生仔去唱K去玩都用咗啦，所以家爸媽都無反對。同一班Fans已經做咗朋友，大家一齊出嚟玩，一齊支持自己心愛的偶像，都好開心。」 多得互聯網幫手組團 亞太區最受歡迎男歌手林峯，果然實至名歸，事關Fans人數的確遍佈亞太區。香港FanClub「FungForever」話事人之一Julenna說，剛於星期二晚開騷的林峯演唱會中，Fans來自四方八面，「大陸、歐美、加拿大甚至比利時的都有來撐場，佢真係好受歡迎。我哋梗係覺得佢實至名歸，阿峯去年在拉斯維加斯開演唱會，門票好快就賣晒；佢喺大陸的Fans真係好多，有時去廣州搞一次宣傳活動，動輒都有上千人。」 Julenna說，FanClub成立了短短四年，現時已經有千多個會員，老中青三代都有。每次出席公開活動撐場都有二百多人，聲勢非常浩大。她認同這一代追星，Fans聲勢可以咁強勁，都多得互聯網幫手，「家我哋有好多活動都靠網上互通消息，尤其好似阿峯嘅Fans遍佈東南亞咁多地方，一定要靠facebook同埋微博來溝通。就算Fans唔可以到現場支持阿峯，我哋都可以即時Post相或者留言。」偶像的魅力和人氣，當然要靠Fans與Fans之間的凝聚力，互聯網在這方面就發揮了很重要角色，「香港FanClub是總基地，我哋在世界不同的地方都有Helper，例如收會費或訂演唱會門票，就要靠Helper去組織籌備，然後再同香港總部聯絡，所以Fans之間聯繫緊密，有活動大家都希望參與，閃牌、禮物都係大家一齊Share，人人都有份出錢出力。」
20100730-273,20100730,273,DSG波箱發威　外表斯文　內裏Freedom,"DSG波箱發威　外表斯文　內裏Freedom 一眾行政高層有錢熟男，為保形象不敢大搖大擺揸架火紅GTI返工，偏偏血液內的辛烷值仍然偏高，想暢快止痕，其實豪房一樣好玩。好似Volkswagen剛剛到港的PassatCC，五座豪房再搭全球叫好的DSG波箱，一樣畀到你直路推背、片彎靈活的Freedom感覺。 記者：徐影龍 攝影：周旭文　 Model：Miki@PureModels 外形斯文　內櫳闊落 早排於歐洲試過這架柴油PassatBlueTDI，已經配搭DSG波箱，新車未到，另一款行汽油Turbo偈的2.0TSI已經搶先來到，同樣具備令人流晒口水的DSG，相信二十出頭的福士迷會選GolfGTI，但如我般屬70後，對Passat卻莫名鍾愛！四門房車格局，鍍銀鬼面罩及特闊氣壩位，外形成熟穩重，車頂線條卻偏向低斜，加上無窗框車門，滲出點點Coupe跑味，觀感上絕不老餅。 內櫳亦不錯，闊落舒服，有齊豪華設備如電控座椅、自動泊S位系統、前後獨立冷暖風口等。最搶眼是TwoTone皮椅，深淺色襯得乾淨利落，電鍍位及銀色位不算少，但屬小面積Parts，視覺上令人感到好舒服。 1.天窗面積頗大，令車廂感覺更開揚。 2.雙色皮椅軟熟舒服，有視覺及觸覺享受。 3.駕駛艙流露高級豪華感，但不致太過俗氣。 4.配備6速DSG波箱，基本上D波已足夠Wet入港九新界。 5.尾冚蓋不大，卻隱藏勁深尾箱空間。 夠惡！軚波+/-再調硬避震 嘆完Passat斯文豪華一面，輪到玩DSG波箱戲肉。坦白講，VW的2.0LTurbo偈設計得實在好，不少福士及Audi車裝配後，表現超越2,000cc車的範籌。毋須深踏油門，一加速好快已出現推背感，DSG波箱仲幫你順勢升波，過程順暢流麗，過彎時波段上上落落，反應一樣迅速配合，DSG絕對居功不小。 唔用波棍　人車合一 嫌一個D波行晒唔夠激，可轉入+/-模式，扭力峯值由1,700轉到5,000轉，大把在手俾你盡情放肆。再激啲，將電子懸掛由Comfort轉入Sport，連波棍都唔用，索性改以軚盤撥片轉波，左右手密密配合加加減減，人車夠合一的話，成架Passat會惡到你唔信！ VWPassatCC2.0TSI 引擎：1,984ccTSI+Turbo 馬力：200PS/5,100rpm 扭力：280Nm/1,700-5,000rpm 傳動：6速DSG+/-波箱 售價：$368,000 查詢：VolkswagenHK（36989688）"
20100730-274,20100730,274,野豹變臉出巡,"野豹變臉出巡 早於今年初已舉行JaguarXJ新車發佈會，大陣仗到由重型吊機將XJ凌空吊入場，氣勢逼人！新的XJ證明Jaguar的造車方式已改變，徹底改頭換面，狂野的外表，仍保持優雅內涵，內櫳注入更多貴氣，豪華感倍升，車迷引頸以待的城中野豹，事隔數月終有機會親手駕馭！ 記者：趙慧敏 攝影：伍慶泉 Model：Snow@Zmodel 車頭修長銳利 為何令人如此期待？其脫胎換骨的車身設計，已令人刮目相看，以往被認為Jaguar車頭標誌的波浪形渾圓頭燈再不復見，取而代之的是修長而銳利的頭燈，頭冚以四條強而有力的骨線，配合特大電鍍鬼面罩，令整個車頭充滿侵略性及肌肉感。 液晶儀錶板科幻味濃 既然是英國紳士捧場客，典雅的車櫳才能凸顯出品味，由車門兩旁伸展的一道環艙式皮料及木料設計，令人猶如置身頂級遊艇，中控台使用大量鋼琴面裝飾，配以電鍍銀框，豪華之餘亦保持時代感。不過個人覺得液晶虛擬儀錶板的設計才最叫人驚喜，啟動引擎後，行車資料一目了然，這種像幻又像真的視覺效果，令人急不及待親手接觸了解。 車身加長空間闊落 面對如此高質素房車，又豈能錯過，今次唔單止要做司機，更要一嘗老闆級享受，今次試駕的是長陣版，長5,247mm，較標準板增長了125mm，所增加的長度，後排乘客受益最大，後座雙腳度伸展空間十足，無論老闆坐姿幾架勢，相信都滿足到要求，加上車頂兩組天幕式天窗，亦增強空間感。 矚目貓爪LED尾燈 不過別期待肌肉感就是代表跑味，從側面及車尾看上去，又有另一種感覺，車身偏向流線型設計，線條簡約，另一搶盡注意力的是LED貓爪的尾燈組合身上，相信設計師亦貫徹野豹特性。 輕盈　寧靜　穩定 不過是否真的喜愛一部車，往往要坐上駕駛席後才知道。XJ車系分三個型號，包括PremiumLuxury、Portfolio及Supersport，前兩者使用5公升V8偈，可輸出385匹馬力，由靜止加速至100km/h僅5.7秒，分別之處只是部份內裝有所不同。至於Supersport則採用PetrolSupercharged引擎，屬高性能版，能輸出510匹馬力。 今次試駕Portfolio長陣版，行駛時感覺毫不累贅，加上車身設計較上一代低矮及流線，又用上鋁合金車身架輕量化車身，車身重量僅1,773kg，所以在行駛及加速時，反應顯得更強更敏銳，往石澳及赤柱兜上一轉，斜路大油加速，引擎聲低沉有力，再配上氣壓避震系統，令車廂保持寧靜及穩定。 XJPortfolio規格 引擎：5,000ccV8 馬力：385ps/6,500rpm 扭力：515Nm/3,500rpm 傳動：6速自動波 售價：$1,410,000（標準版）$1,460,000（長陣版） 查詢：25200989（JaguarHK）"
20100730-275,20100730,275,北京胡同新驚喜　軟皮兼絲,"北京胡同新驚喜　軟皮兼絲 看着小記經常飛來飛去周圍遊歷放眼世界，很《UpintheAir》吧！這裏亦有個女版本何穎，新晉旅遊人，出版過旅遊書《50+1》系列。今年她踩入北京，我這次就隨她在首都走一圈，今天先看看兩間她心水的胡同小店有甚麼驚喜。 記者、攝影︰占占美 鳴謝︰港龍航空、北京王府半島酒店 五道營胡同小店 首都北京，小記來過幾趟，但還是徘徊在歷史遺產路旁，仍未走入東西、新舊文化交融的大道。要尋新，最好找支盲公竹帶帶路，無計，北京太大，腳骨如何健壯還是會行至腳斷的，Rebec（何穎）就是今次小記北京之行的嚮導。篇幅所限，今次先說她介紹兩間五道營胡同內的小店，其他心水待下回分解。 五道營胡同與雍和宮鄰近，雖未及現在南鑼鼓巷般熱鬧，卻擁有舊時給遊人驚喜的能力，這裏正是默默發芽的地方（但害怕的是變為另一條被商業化了的南鑼鼓巷）。 嫵媚中帶硬淨 五道營胡同兩旁有鐵皮包圍，再走入一點，才會發現像樣的店舖，或者是反差太大，當Rebec帶小記走入「棟樑」，見新潮舖面與舊胡同融合得那麼自然時，很有眼前一亮的感覺。白色牆、灰磚牆，配合木色家具，加少少綠色植物點綴，這間店足讓遊人對北京印象更加分的。再進而談她們所賣的品牌，對，還未說「棟樑」是甚麼，她是一間專賣中國自家品牌（不過店主不確定未來是否入手外國品牌），包括NeitherNor、Sforzando、NonSeason等男女共八個品牌。OK，知你對國產貨有偏見，but，你看看設計先，再看物料，不能再咬定中國只有抄襲品。舉例請細看Sforzando的女裝，以軟皮加silk，剪裁硬淨，是嫵媚中帶點強悍的現代女性形象，不過，定價相對地較高。可能小記還停留在大陸買平貨心態，一件ruffle白色tee賣RMB890（約$1,020），對唔住，我接受唔到囉（但重申，如果有錢，我很樂意進貢的）。 a.棟樑： 東城區安定門內大街五道營胡同63A號 書香酒香沉香 幾時都話北京人文化氣息濃，就連開間小cafe，名字都滿帶詩意，沉香，單聽名字已可勾起你對這間cafe的感情，讓你有衝動進內一看。甫入店，即傳來濃濃書香氣息，右邊木枱放了一排書，而不是雜誌！步至最深處，幾十本亦舒小說排着；前面小木枱上，是董橋一系列著作，旁邊放着一套保存得十分好的中式茶具和舊式打字機，很有格調。Cafe也是白色牆身配木色家具，與鄰居棟樑的陳設感覺相似，是胡同裏人的共同喜好嗎？採訪時才剛開業，只得酒水飲料，尚未有熟食供應，若你愛「沉香」，想閒坐大半天，自攜食物進內，店主也是歡迎的。 b.沉香： 東城區安定門內大街五道營胡同36號 《50+1》系列 何穎，香港製造中國人。曾於香港及北京《MILK》工作。出版過香港、台北、紐約、上海四地的旅遊書，找來50個當地人訴說他們心中最愛的地點，北京版將於十月推出。約$34（國內簡體版）、$72（香港繁體版） HutongStyles 溫馨提示：我與Rebec都認為，這個胡同牌坊，相信是有史以來最難看的一個，但，請認住它便是胡同入口了。 TravelMemo 持有效回鄉證或卡均可。中國旅行社：28533533 港龍假期北京夏日3日2夜套票，價錢$2,399起，包來回經濟客位機票連兩晚酒店。查詢： http://www.cxholidays.com  1元人民幣約兌1.15港元（文中價錢已折算港元） 220V，兩扁腳插座 中國　北京 下周大致天晴，28-36℃"
20100730-276,20100730,276,蝦兵蟹將推西瓜尋屍,蝦兵蟹將推西瓜尋屍 西瓜清凉止渴卻無神力，但偏偏能呼喚靈魂，只要拋它入海，失蹤多時的遺體便會浮現！原來水中蝦兵蟹將吃了你供奉的祭品，幫手當回禮，推個西瓜埋位助你尋「人」！ 記者：潘紫芳 攝影：陳盛臣 Model：Water 鳴謝：方海閱（香港淳道玄學會會長）、唐百川（喃嘸師傅） 古時招魂為復活 古人深信人死後七日內仍可還陽復活，因此死者親人會邀請法師到家進行為期七天的招魂儀式，喚其三魂七魄。時至今日，儀式對象已演變為意外枉死者。死者靈魂不知自己已死，親人藉招魂儀式告之，好讓他往輪迴及回家接受香火。 神明化無形於西瓜 道教相信於海裏失蹤者，遺體被水中靈體糾纏不放，須以食物收買令其放人。唐師傅謂海上的招魂儀式稱「祭海角」，掟西瓜落海只屬其中步驟。 1.海上或海旁設壇，以紙盒盛載生果、餅乾等祭品，進貢神明及蝦兵蟹將，收買遊魂野鬼。 2.法師上香通知神明將展開法事，朗讀寫上找尋對象姓名、出生年月日、姓別、家宅等的表章；以硃砂寫上法師道號並燒毀。 3.法師念咒請周遭神明及遊魂野鬼到來，手持招魂幡邊念咒邊作法，焚化金銀衣紙、部份撒於大海以祭水幽。 4.由於靈體神明無形，西瓜則大而易見，故投入大海可讓蝦兵蟹將及靈體化無形於有形，藉西瓜展示失蹤者遺體所在。（或可放山雞於壇附近，當牠拍翼代表已招魂體。） 5.約數天後，遺體會於西瓜所示位置浮現。能否尋回遺體，還看水中靈體願不願意放手。 四大古傳追魂法 若然不知對方是否在生，可用追魂法來測出身處位置，類似感應法，以神明力量去聯絡對方魂體。 1.照水碗： 古時道教仙術中圓光術其中法門。月圓之夜放一碗水在神壇前，碗底放金銀。並燃點蠟燭、準備素齋果品，及一位年約10歲以下視力正常的看光童子。尋人者與童子一同站着看碗中水。法師會念咒請神明來到，並於水上寫上無形咒法，然後看光童子便能藉水看到失蹤者所處位置。找在生者或物件選用紅色蠟燭，離世者則選白色。 2.五馬追魂法： 用黃紙剪出人形並寫上失蹤者資料，手腳頭寫上「馬」字，放在溪錢上。念咒作法時，法師會以硃砂在馬字部位輕點，中間則寫上符咒，再貼於青竹上，插在香爐。然後念華光訣配以手印向公仔打出。最後燒金銀衣紙並奠酒。公仔會連續插在香爐七天，最後以火化掉。此法以神壇作發射站，把尋人訊息發射出去，讓失蹤者腦中浮現出要與你聯絡的訊息。期間尋人者不能吃牛。 3.文王卦（又名火珠林）： 文王卦為易卜當中一法門，法師會把銅錢放入龜殼，邊搖晃邊道出想查詢之事，然後倒出銅錢，師傅會因應銅錢所顯示的卦象來解讀訊息。 4.靜坐冥想： 坐在神壇前，邊打坐邊想着想要找尋的人或物。師傅會在旁念經，並以紅布綁在當事人額頭位置。這方式仿似元神出竅，藉自己魂體來找尋對象。
20100730-277,20100730,277,中國有錢人 - 陶傑,中國有錢人 - 陶傑 大陸新移民女導遊阿珍大罵其同胞的事件，引起熱議。 這點事情，在中國的墟市天天發生，其實毫無新聞價值，除非如果閣下受了西方文明價值觀的洗腦，覺得車上的導遊，開口要像銀幕上的妮高潔曼一樣有教養；或者車上的遊客，不該沉默，要像「九一一」飛機上的美國人，面對強權，大喊一聲：Let'srule，壓迫在他們頭上的人憤怒抗爭。 了解中國，就不會對「阿珍事件」大呼小叫的，那只是全球範圍內的中國式喧嘩的一星小小的波瀾，微笑旁觀，呷一口普洱茶，就會心曠神怡。 香港人也要開拓視野，不要以為中國遊客都像阿珍破口大罵的那伙人的層次。不，中國改革開放，許多有錢人走向世界，他們的品味正在悄悄提高。 《每日電訊報》報道：倫敦出現了中國大陸買豪宅的大豪客，有一個英國老太太，出售一層她住了三十年的房子，標價若干，遇上了一個中國買家。 中國人在地產經紀陪伴下，進老太太的房子看一圈。然後通過翻譯，他表示願意比賣家出價的多付五成，條件是老太太搬走時，留下房子裏所有的傢俱和裝飾；牆上的照片、玻璃櫃裏的銀器、維多利亞式的舊沙發和柚木傢俱。這位中國買家說：他喜歡房子裏真正的英國味（authenticquintessentialEnglishness），他想擁有的，就是這股優雅的味道。 老太太不肯。她告訴買家：這是我大半生的記憶，我的前夫、我的家庭、我少女時代的嫁妝，擁有感情的價值（sentimentalvalues），記憶是無價的，叫翻譯轉告這位大陸富豪。 中國買家聽了半天，還查了牛津英漢辭典，還不大明白什麼叫sentimentalvalues。他不斷抬高價錢，但英國老太太就是搖頭。 生意做不成，但這位中國遊客的行為令人感動。他雖出身中國大陸，但在倫敦買房子，居然沒用手機請教在北京的那個瞎眼的風水師，他竟然懂得不要亂改動，不要在客廳加三尊福祿壽瓷像，實在是難得，雖然還不懂「價格」和「價值」的區別。 讓這位大款來香港當特首，他就不會下令香港的警察把制服換成大陸公安的淺藍色，他會保留殖民地時代的天星碼頭。中國人確實在慢慢地進步着，其中，會有無數個阿珍在自我凌辱，不要深責，呷一口茶，靜靜地觀看，這就是寬容。
20100730-278,20100730,278,活樂遊1：廿秒上56樓Skypark　天堂一游,"活樂遊1：廿秒上56樓Skypark　天堂一游 你確是沒理由，近有馬交唔去，千里迢迢飛到新加坡，就為了賭！只怪金沙賭場的形象太深，但我要說的是金沙頂樓的空中花園終於開幕，高是肯定的，重頭戲是一個離地200米、城市skyline做背景的infinitypool。在此，我就對「賭」隻字不提，以圖改變你對「金沙」的誤解。 記者、攝影：曾冠輝 Model：Paris@PureModels 鳴謝：SingaporeTourismBoard、新加坡航空、St.RegisHotel 200米郵輪擺上天台 兩個幾月前，同事A趁新加坡濱海灣金沙開幕頭兩日，即時飛身獅城先睹為快。可惜，三支大柱齊齊撐住嘅重頭戲Skypark其實未搞掂，留了一個大遺憾。千呼萬喚，空中花園終於上月底正式開幕。 「沒有正式計時，我估乘電梯由地上直上56樓不用30秒。」金沙的空中花園已成為了新加坡的最新景點，即使不是入住酒店的遊客，又或是本地人，眼見「擺了艘郵輪喺天台」似的建築物，誰都好奇。酒店Tower3大堂有專用電梯直達Skypark，買張飛即可直上200米。「叮！」果真如公關所言，廿秒左右就到了。步出Skypark，忍唔住嘩了一聲，是突然變得開闊的視野加上清勁凉風使然，開揚的觀光平台有如郵輪船頭甲板，飛船之上居高臨下，我肯定是新加坡最最最最壯觀的風景，連旁邊堪稱世上最高的摩天輪SingaporeFlyer也變得矮小：「你在摩天輪上看風景，Skypark看風景的人在看你」。 Skypark 門票：每人$114 150米長InfinityPool 個人描述有夠虛的，說說數據吧。空中花園佔地12,400平方米，有幾大？即是4架半A380或3個足球場咁大，「船頭」到尾超過200米，而其中的150米，是個泳池，係，係泳池，標準泳池不過50米，呢度有3個駁埋。長都未夠，泳池仲要係infinitypool，平時喺海邊resort見得多，在繁華鬧市中還是頭一次，而且在200米高的天台上，背後是城市skyline（可見新加坡河及ClarkeQuay），沒有邊緣似的，游到盡頭便直墮崖下三千呎……似甚麼？天堂呀！身穿比堅尼的天使美眉都在暢泳，一邊游一邊俯瞰浮華，崖下世事笑過便算，手裏香檳一喝而盡。正想步下兩級台階，一跨踏入天堂：「對不起，泳池只招待酒店住客！」StairwaytoHeaven不一定上的才難爬。 商場舢舨男 從天堂回到凡間，我指滿載物慾的商場。金沙300間時裝店舖和食肆尚未開齊，目前的foodcourt都是臨時的。論shopping，現在還未是時候。但以為商場無乜嘢睇時，又俾我遇上舢舨男。商場底層挖了一條河道，像威尼斯人，但不蜿蜒，Gondola與貢多男換成是亞洲傳統的舢舨與舢舨男，讓遊客坐坐來回一圈過過癮。舢舨男當然不是傳統的舢舨男，都是金沙開幕前在真實河道受訓過數星期的。跟貢多男不同，舢舨男不會唱歌，而且顯得內斂。跟模特兒跳上船，果真是會左搖右晃的，要換位擺甫士都不容易。全程約不過10分鐘，不算是很有風味，但在商場內倒算是道好風景。 大堂頂的「藝術裝置」旨在收集雨水作為商場河道的用水，結果變成遊客的許願池…… 舢舨 費用：成人$57，小童$34 針筒膠囊冧半球 說餐廳，金沙內一眾（無錯，係一眾）米芝蓮星級名廚列陣早已令人趨之若鶩，不過，我等過客更關心一些可以輕食的食肆。正正在地面上Skypark的電梯大堂，我被一列排得整齊的蛋糕吸引，口水直流，唔，我要tea一tea了。SweetSpot是酒店從歐洲請回來的「甜點」，店前飾櫃的Macaron、手工朱古力以及各式芝士餅令食客徘徊久久不去，無他的，選擇太多了。我嘛，有聰明一點的做法：「我要你們的signaturecake」。ChocolateParadigm一看就知是除了朱古力，還是朱古力的朱古力蛋糕，食落是個人最喜歡略帶苦味而非極甜的口味，一人幹掉也不會膩。同時也要一個雪白的半球體，上面插着一個如針筒的膠囊：「吃時要先按壓膠囊，把冧酒擠進內裏的creamcheese中，份量隨你。」我使勁一壓，入晒！入口幼滑creamcheese帶奶味亦富酒香。吃罷兩個cake已足夠我飽一整夜了。 SweetSpot位置：Tower3大堂"
20100730-279,20100730,279,退休年齡 - 區樂民,退休年齡 - 區樂民 這天，一對老夫婦來看我；老先生八十五歲，很精神，退休前也是醫生。 診症完畢，我把握機會求教：「我五十歲退休好不好？」 老先生問了我的年紀，即道：「當然不好！你五十歲時，如果我還沒有死，又得另找醫生，太麻煩了。」 老太太也開口相勸：「丈夫七十六歲才退休。五十歲太年輕吧！」 「早點退休不是更快樂嗎？」我問。很多電視廣告都說退休生活寫意無憂。 「有工作，生活才充實；」老先生溫言忠告：「如果感到辛苦，寧願少做一點，也要繼續工作。以我為例，六十五歲那年減少了工作日數。」 「減了多少？」我追問。 「本來一星期工作七天，六十五歲後變成六天。」 我吐吐舌頭。老先生真勤力！ 我想了想，又問：「有沒有醫生一星期只做一天？」 「為甚麼做那麼少？」老先生皺皺眉，大概是認為我太懶惰。 「現在我一星期工作六天，」我回答：「很期待星期天放假。如果一星期放假六天，應該會很期待工作日的來臨。」 老先生覺得我的思想古怪，無藥可救，便和太太站了起來，準備離開。臨行時，還是忍不住警告：「太早退休，必定後悔。」字字鏗鏘。 但見兩人走到診症室門口，老先生着太太先出去，自己又走回來，彎身在我耳邊低聲道出肺腑之言：「退休後，被老婆二十四小時監視，比坐牢更慘。」
20100730-280,20100730,280,沙膽煐 - 邁克,沙膽煐 - 邁克 七十幾歲的老太太，怎會無端端打起入住新加坡的念頭？她既從未踏足那片土地，也沒有親朋戚友站在赤道邊上遙遙向她招手，「九七大限」焦慮喚起撤退銀行戶口衝動，將儲蓄匯回美國便是，何必勞師動眾煮鶴焚琴，投靠一個完全陌生的國度？忽然想起七十年代有部邵氏片叫《沙膽英》，陳萍邵音音陳觀泰主演─眾所周知，張愛玲原名張煐，假設九四、九五年果真坐言起行，從羅省搭十餘小時飛機到獅城移民局報到，我一定封她為沙膽煐。 她對南洋最早的認識，恐怕是透過三九至四一年間留學香港大學時的宿舍校友。《燼餘錄》這麼寫受過修道院教育、唸醫科的同學：「蘇雷珈是馬來半島一個偏僻小鎮的西施，瘦小，棕黑皮膚，睡沉沉的眼睛與微微外露的白牙」。我推測她和《談跳舞》示範馬來舞的是同一個人，不過改了名字：「淡黑臉，略有點刨牙的金桃是嬌生慣養的，在修道院只讀過半年書，吃不了苦」─齊齊生得黑還罷了，不會這麼巧甲哨牙乙又哨牙，又不是西瓜刨學院招徒弟，除非底下藏着種族成見色彩，像鬼佬看亞洲人，個個黃面獠牙單眼皮，分不清章子怡楊紫瓊舒淇。 《談跳舞》金桃只負責暖場，戲份較重的是同樣來自馬來亞的月女，她父親發達後外面有情婦，「我們在街上遇見她都遠遠地吐口唾沫。都說她一定是懂得巫魘的」。東南亞人有落降頭的本事，也一直是大家樂於相信的蠻族特色，去年我的文章令一位出身馬國的導演不悅，打電話到報館興師問罪，朋友得悉後憂心忡忡規勸：「少惹他為妙，台灣藝文圈盛傳他動不動就會請高人作法。」
20100730-281,20100730,281,我要你快樂 - Elaine,我要你快樂 - Elaine 在眾多的錯先生中，有哪位你明明用盡了力氣，賣力演出博他一笑，看遍坊間探討兩性相處之道的書籍，小心翼翼用螢光筆逐一畫低重點，將今天看起來非常幼稚的《一百個讓男人愛死你的要訣》牢記心中。為了留住他，走去求神拜佛，別人說哪家廟宇靈驗，即使在離島的你也趕過去。錢包裏都是愛情符，企圖借助神明的力量擋住情人的桃花。 你真的已花光所有，甚至債台高築，還是落得分手收場，死因不明。在打了一百通電話以後，他終於吐出原因：「你做了許多事想我快樂，但我不喜歡興高采烈過日子。」你聽得發呆，那些要訣全都是教女人要讓男人快樂，然後他就會更愛惜女人的喎，有冇搞錯？是的，原來世上真有人不喜歡快樂，這不是信手找來的藉口。因為，事主和苦主我都認識。 世上有一種人，從來不是快樂的人，待人有禮奉公守法，沒有經歷過甚麼慘事，但就是不快樂，也不願意表現出一臉高興。你愛他，不明白他的憂鬱，希望他快樂，從星座開始，研究是否太陽月亮還是金星星座影響了性格，誓要拆解這伽俐略謎團。你每天說一個笑話，不過想他至少有一秒鐘的歡樂。你買來一大堆selfhelp書籍，教他如何學會樂天積極……你要他快樂，他卻更覺沉重。
20100730-282,20100730,282,只想說聲謝謝 - 盧峯,只想說聲謝謝 - 盧峯 潘Sir走了，據說是癌症。沒有詳細問，也不想詳細問；只想說一聲，潘Sir走好！ 從中四開始潘Sir就是我的中史老師。不苟言笑，一臉嚴肅的他每次上課都讓大家緊張兮兮。一方面是因為他要求高，大家不敢造次；另一方面因為他說話快速，課堂材料超級豐富，聽課抄筆記已教人透不過氣來，生怕趕不上或漏了甚麼重點，更不要說發夢魂遊了。就是在這種不經意的訓練下，寫字的速度越練越快，到今天還受用不盡。 上課時固然要專注，潘Sir對學生其他方面的要求也很嚴格，總希望我們多走人家一步，多人家一點材料。有一回他跟我說，按筆記、參考書的材料答問題難以令評卷的人留下深刻印象，因為大部份同學用的都是類似的東西。要突圍就要有些額外的東西，例如能背誦及引用原始史料或古籍的引文，又或是以地圖協助解釋問題。就是這樣，我花了好幾個星期的功夫反覆臨摹中國地圖，努力勾畫從遼東半島到海南島的中國海岸線及長江、黃河的位置。果然到臨場答題時，我可以輕而易舉的把中國的粗略地圖畫出來，協助說明問題，大概也可以impress一下評卷的人。 不過，印象最深刻的是潘Sir着力開闊我們的眼界。他講中國歷史不但講史實、分析，更會讓我們涉獵不同史家之言及重要著作，讓我們對重要的歷史討論，對重要的史家不會一無所知。近代偉大史學家陳寅恪先生就是通過潘Sir的課才認識的，其他如哲學史的馮友蘭，中西交通史的方豪，中國考銓制度史的侯暢……等，都是在上潘Sir的課時知道的。養成逛書局找不同的參考書也是從那個時候開始的。 這裏只想跟潘Sir說句謝謝！
20100730-283,20100730,283,箍　煲 - 高慧然,箍　煲 - 高慧然 香港話有時候很傳神很精準很堪玩味，比如把分手後求復合稱作「箍煲」。以前的砂煲非常敏感，熱脹或冷縮都易爆煲，所以，砂煲外往往纏着一圈鐵絲，使突然破裂的煲仍可維持完整形象。又或者，在產生裂紋的砂煲外纏上鐵絲作補救手段。箍過的煲，用起來終究不爽，外形也甚礙眼。香港話用箍煲形容復合，寓意這是一件難度高不討好的事，且結局往往不太美妙。 男人出手箍煲，成功率往往比女人高，因為，如果提出分手的是女人，多半仍有復合機會。女人是感性動物，對曾經有過關係的男人相對心軟，如果男人對待箍煲像當初追求她那樣，使出十八般武藝，花盡十八般心思，復合並非無望。而且，很多時候，女人說分手，並不是真的希望分手，往往只是瞬間衝動下的負氣行為，到情緒平伏後就會後悔，此時男人出手箍煲，女人樂得走下台階。更有一些女人，稍不順心便高呼分手，分手不是她們的目的，而是手段，是一種脅迫，用以引起男人重視，享受再一次被追求的快樂。 而男人說分手，則往往是深思熟慮、審時度勢後的冷靜決定，除非這段關係讓他看到新的可能性，否則，他不會回頭。 所以，我一直認為，箍煲這種事，還是交給男人做吧。女人實在不適宜沾手。這不是大女人主義，而是成功系數實在太低，與其死纏，不如留一點尊嚴給自己，並且，讓對方小小地挫敗一下：咦，我提出分手，似乎正中她下懷？
20100730-284,20100730,284,要求「鬥智」不容易 - 李碧華,要求「鬥智」不容易 - 李碧華 亞視的《法網群英》拍攝經年，又有很多負面新聞傳出，還因涉及勞資糾紛而鬧上法庭云云──雖然藝人追數影響聲譽，但不影響演出水準，頭兩集，脈絡分明，一班好戲藝員也令人有所期待。 觀眾怎理會幕後？只看劇集出街成績而已。《法》是無綫《壹號皇庭》姊妹作，內容亦圍繞案件法庭鑑證律師醫生黑幫等發展，不過「演技」是吸引力，像吳啟華陳秀雯陳啟泰呂頌賢吳廷燁謝君豪……（餘不一一），均已四散。積弱跌至谷底的亞視，背後紛爭比幕前「精彩」，遺珠式劇集沒遭禁制，所以捧場。總覺亞視並非沒有好藝員，只是沒有好節目，更欠宣傳和口碑，再努力，無人知。 家爺仔乸柴娃娃的《施公奇案Ⅱ》收視高企，歐陽震華一直有觀眾緣，但此劇以陳山聰李思捷搶鏡，宣萱《掌上明珠》和《施》劇均以喉嚨椗（蒂）唸白，時裝古裝沒分別。要求「智破」奇案？恐怕失望了，只靠枕仙提供模稜兩可「貼士」通水，場場都怪責他不說穿，幾悶。 反而有線《刑偵相棒》日劇，食腦之作。無綫重播正本《神探伽俐略》亦重鬥智，其山寨版不認不認，此乃呈堂證供。
20100730-285,20100730,285,黑暗、即時上班 - 古德明,"黑暗、即時上班 - 古德明 問：名詞dark和darkness有什麼分別？ 答：Dark作名詞，假如不冠以the而用before、after、until等介系詞（preposition）帶出，是指「傍晚」；冠以the，則是指某個地方沒有光線的情況，inthedark即「在黑暗中」，也可引伸解作「了無所知」，例如：（1）Shedidnotgethometilldark（她到天黑才回家）。（2）Icouldn'tseeanythinginthedark（黑暗中，我什麼都看不見）。（3）Hekeptmeinthedarkabouthisplan（他不讓我知道他的計劃）。 至於darkness，可指「黑暗」或「天黑」，例如：（1）Thecandlewentout,anddarknessfilledtheroom（燭光滅了，房間一片漆黑）。（2）Inwinter,darknesscomesasearlyas4pm（冬天，下午四點鐘就天黑了）。這兩句的darkness都不可用thedark或dark取代。 不過，以下一句，用thedark或darkness都可以：Thecandlewentout,andIwasleftinthedark/in(total)darkness（燭光滅了，把我留在黑暗之中）。 問：最近求職，見到不少徵聘廣告說，應徵者須immediateavailable（即時可以上班），即使大公司廣告也是這樣寫，寫法正不正確？ 答：Immediateavailable當然不是正確寫法。形容詞（adjective）只可用副詞（adverb）修飾，不可用另一形容詞。「應徵者須即時可以上班」英文可說：Applicantsshouldbeimmediatelyavailableforthejob。簡單一點，則可說Immediateavailabilityisrequired，用形容詞修飾名詞。"
20100730-286,20100730,286,鞋帶情意結 - 陳也,鞋帶情意結 - 陳也 牛王頭完成小一適應班，沒想像中的「朽鉸」。雖然有一天，他跟一個無乜兩句的同學仔忽然辣着，互相追逐，施展空心腳螳螂爪，埋身過了兩招。幸而肉搏只屬超羽量級，未見轟動。這樣，我評估牛王頭按導師要求，算是做到平穩達標。 面對這批未來社會新人類，所有家長義工頭都赤，兩周下來，聲都拆了。落力跟孩子玩的家長，紛紛呈現保險公司唔賠的金屬疲勞。而孩子對這批老餅，不算給面子，有些高竇的，更加掛着個「反胃」樣，擺明挑釁。跟孩子鬥耐性是最有成就感的高難度挑戰，兩周後，孩子由面左左到最後主動過來挽你的手，你就知道自己厚住臉皮單腳跪地陪玩陪笑的收穫，要比預期中大。 我對孩子要求不高，低角度看一班六歲人仔，幾十人裏，沒有一個穿綁帶鞋款，我就放心。專家說我們這一代父母把孩子寵壞了，上高小依然不會自己綁鞋帶。家長一直買魔術貼鞋給孩子，原來是罪行！換過另一種心情看，綁帶鞋能訓練什麼？時裝潮流幾時關注過綁帶鞋？當孩子會綁自己的鞋帶那個時候，大浪西和海下的獨立屋豪宅賣到幾錢呎？iPhone出到第幾代？新人類新思維，還停留在將綁鞋帶等同能力的這些專家，自己就該解開腦筋裏纏糾混亂的鞋帶，讓左右腦享受一下創意白飯魚的海闊天空。
20100730-287,20100730,287,吸「隱」殭屍 - 尊子,吸「隱」殭屍 - 尊子
20100730-288,20100730,288,肥的，瘦的 - 高慧然,肥的，瘦的 - 高慧然 香港人喜歡用肥瘦判斷個人價值。一個人成功與否，最主要的判斷標準是看他的身家是否豐潤。一個家庭幸福與否，比父慈子孝更重要的是有錢有樓家肥屋潤。一個女人美麗與否，則視乎她胸部夠不夠肥，雙腿夠不夠瘦。 男人之間，比拼身家肥瘦，比拼座駕內櫳肥瘦，比拼家居面積的肥瘦。女人之間，肥與瘦同樣是最能引起共鳴的話題。要向一個女人釋放善意，最簡單的方法是讚美她腰腿很瘦。要打擊一個女人的自信心，取笑她肥胖即可。有個男人向我吐苦水，某次他無意中說，前度女友比現任女友更瘦一些，從此，現任女友疑神疑鬼，老是擔心他會因為一點點脂肪否定她的個人價值，重投前度懷抱。 當一個社會的普遍價值觀是關注一個人的外在多於內心，注重物質遠甚精神，賺錢就成為唯一的生存意義，追求外在形象則成為人生大事。每個人都忙忙碌碌，或為口奔馳，或落力裝身，內心世界一片荒蕪，人際交往以利益為重，家人之間亦失去溝通的閑暇與能力。 生存在這樣一個世界，父母往往誤會，所謂愛，便是盡可能滿足孩子的物質慾望。現代父母，給孩子的物質越來越「肥」，給孩子的時間卻越來越「瘦」。我認識的一對夫婦，為了儲錢供兒子去外國讀書，常年離港工作，孩子丟給工人。結果，孩子屢次自殺期望引起父母的關注。 你呢？你如何看待肥與瘦？
20100730-289,20100730,289,大家都有病 - 朱德庸,大家都有病 - 朱德庸
20100730-290,20100730,290,大家都有病 - 朱德庸,大家都有病 - 朱德庸
20100730-291,20100730,291,豐田車主　日本租車更着數,豐田車主　日本租車更着數 好多香港年輕人暢遊日本都會選擇租車四處去，一來價錢化算，二來可以不受交通限制而玩得更全面。之前已有不少朋友推介到日本的ToyotaRent-A-Car網站租車，服務夠晒體貼之餘，大公司又有保障。 最近ToyotaRent-A-Car更推出了香港版本，只要到皇冠車行網站便輕易找到。除了新增中文版面，租車更可享買車或售後服務等折扣優惠，而豐田或凌志車主遊日期間還可免費使用日本手提電話，令大家玩得更安心盡情。 查詢：28801515 網址：http://www.rentacar-jp.com/lang_hk
20100730-292,20100730,292,"暑假團：$7,999北海道住森林酒店","暑假團：$7,999北海道住森林酒店 朋友經常怨八月無紅假，well，幸福要自己爭取，假期都要自己爭取啦！美麗華推出的北海道精選，乘搭國泰，入住森林酒店ClasseHotel以及TomamuSpaResort，五日之旅盛惠$7,999起。以暑假時勢來講，再以北海道價格相比，算合理。出發日期由8月3日開始日日有團。 記者：吳美美 美麗華旅遊：82002299"
20100730-293,20100730,293,代Cult2：八十前老歌迷專一　追星追到老,"代Cult2：八十前 老歌迷專一　追星追到老 八十年代本地樂壇除編織了譚詠麟、張國榮、梅艷芳、陳百強等巨星神話，也孕育儲剪報、等偶像、索簽名等追星追到老一族。時至今日，當年穿校服的追星少女已長大成人生兒育女，看九十後職業Fans，只好慨嘆熱情有餘不夠專一。 記者：趙志雄 攝影：陳盛臣，王文忠 愛阿倫一個就夠 當年譚詠麟有幾紅？先問在深水埗賣黑膠碟近三十年的老行尊Paul，他說：「1985年《愛情陷阱》達三白金銷量，即三十多萬隻唱片，那時香港只有五百多萬人，即差不多每廿個人就有一個人買了，當年一隻黑膠碟賣三十元，人工每個月幾百元。」 再問大口、Joe、班主任、阿偉和Ringo一眾「譚詠麟學堂」歌迷會成員，他們七嘴八舌：「當年沒錢買黑膠，租碟回家播，再用卡式帶錄，鄰居和同學互傳互錄，有人錄盒精選帶送給女同學，有人月入八百，買部八千元山水牌音響播《霧之戀》，去沙灘一定抬部卡式帶機播《夏日寒風》！」大口：「以前阿倫出碟，頭兩日一定買不到，預訂都滿了。」廣播道是他們朝聖地，不過遇到偶像也不等於一定擠得進人群，更遑論索取簽名和合照。當年歌迷會登報招會員，班主任：「在八十年代想加入歌迷會要交支票，不收現金，當時太多人想加入，歌迷會早就額滿。」阿偉：「阿倫試過出席商場活動，因太多歌迷取消了，又試過有人逼爆玻璃。」見不到真人，惟有買海報和相片，那年頭書報攤有《螢幕偶像》和《好時代》，除報道明星動向還附送摺頁海報和貼紙，眾人最懷念：「海報僅比揮春大，要買黑膠唱片才附送大海報，我會貼在床頭。那時流行抄歌詞寫情信，邂逅用《相識非偶然》，鬧交用《小風波》，看演唱會不帶紙牌Banner，拍手拍一晚，手都腫了。」 當年阿倫和張國榮歌迷互相對壘，曾有激進歌迷用粗口互相對罵，Joe：「我姐姐喜歡Leslie，我喜歡阿倫，每年頒最受歡迎男歌手獎，我們在家就會變成對敵一樣，其實又不會因喜歡阿倫而討厭Leslie，只不過有時討論起誰的歌好聽，便跟其他Fans意見不合。」迷一個偶像就夠了？他們說：「阿倫一個就夠了，現在歌迷有太多選擇，現在的歌手魅力和唱功不夠，沒鮮明風格，以前阿倫、Leslie、阿梅個個不同風格，加上歌曲伴着我們成長，令我們對他們的迷戀根深柢固，不易變心。」 日日儲阿梅剪報 不願出鏡的梅艷芳歌迷鳳梨酥，自阿梅出道已是忠實擁躉，即使阿梅已離開人世，她仍會經常在個人網誌（ http://hk.myblog.yahoo.com/jw_bb2002/）  上載當年的收藏、舊照和分享趣事。「八十年代，文具店還會賣2R和3R明星相，這是我心頭好，海報不算多，要自己剪報，在家在學校圖書館也好，每天朝早我一定看報紙，因為我跟其他Fans夾好，例如我看《成報》，她們就讀其他報紙，一找到大的照片就叫大家買多幾份來剪。那時沒手提電話，通訊只靠公司和住宅電話，每天都期待收到歌迷會通知的驚喜，有時恰好你沒接電話，你就錯過了，我試過在公司一收到電話就立刻趕去看阿梅。最搞笑是後來有Call機，但Call台的人經常聽錯，有人留言叫我『買一塊布』，原來是叫我『買一份《快報》』。」 以前的歌迷跟現在有甚麼分別？鳳梨酥慨嘆：「現在歌星多了，競爭大，好像怕流失歌迷似的，會比較遷就歌迷，不敢批評歌迷。以前阿梅像個大姐姐，叫歌迷不要學她染髮，平日等她又不准超過凌晨兩點，她肯為我們歌迷設想。」 越偶像派歌迷越易過檔 當年身兼電台DJ和歌手的歐瑞強：「以前的歌迷會沒現在那麼商業化和系統化，八十年代成功歌手不多，出碟亦不多，更不會有職業歌迷，以前有文具店賣明星相，店內還有甚麼賣相榜No.1。那年頭，歌迷與偶像合照後，一定會冲曬相片給偶像，還在電視台外面親手交給偶像。可能是我唱民歌，我的Fans比較含蓄，通常是送花、合照，演唱會邊唱邊不停送花。」 現在的歌迷沒有以前的長情和專一，原因何在？「因為有太多歌手，唱片公司培養新人，短期內不見成效就即時放棄，歌迷沒時間對歌手培養出感情。越是走偶像派的，其歌迷越容易過檔迷另一個。」他將在9月3至5日開《真經典靚歌歲月演唱會》，一班追隨Albert廿多年的歌迷例牌捧場，他說：「相識太久了，她們很多已生兒育女，歌迷早已成老朋友。」 預50萬買鄧姐車牌 與其說上一輩長情，不如說癡情，開業近兩年的鄧麗君主題Cafe「甜蜜蜜新生咖啡店」，一向由鄧麗君的文教基金會贊助，協助培訓新生的精神病康復者，場內展品由著名歌迷陳廣生提供。今年是鄧麗君逝世15周年，陳生遠赴台灣，送上大花牌，一身軍人打扮，仿效15年前一位軍人向墓致敬。陳生結一條印上鄧麗君肖像的領呔，是他特地找廠房製作，限量生產，平日他會戴上街，也送了一條給鄧麗君親兄。 當年由於黑膠唱片貴，陳生是靠聽收音機追捧偶像的，鄧麗君的離去，沒減低他的迷戀，反而激發他收藏唱片。除此之外，陳生的汽車車牌以「Teresa10」為名，即鄧麗君的英文名，「10」與「Teng」（鄧）同音，「投車牌那天，我預50萬買這個車牌，豈料炒家看不出來，結果$6,000成交。」追星，並不會因巨星隕落而停步，這就是癡情。 甜蜜蜜新生咖啡店（27236634） 尖沙嘴港鐵東鐵線尖東站地面35號舖"
20100730-294,20100730,294,$100嘆YSL雙色甲油,$100嘆YSL雙色甲油 我好鍾意塗指甲油，但偏偏先天左手智障，每次左手塗得靚靚的，右手卻是一團糟，因此有時間，我都情願假手於人，交畀專業美甲師幫手。最近又發現超筍優惠，顧客於8月2-4日及8月6-8日，以優惠價$100即可於太古廣場連卡佛，預約甲藝彩繪服務，親身體驗YSL全新獨創的雙色甲油組合。自己有信心塗得靚，亦可將雙色甲油組合購回家慢慢配色玩花臣。 記者：胡卓琳 服務預約電話：29180768
20100730-295,20100730,295,每天健康多一些：少鹽減心臟病發,"每天健康多一些：少鹽減心臟病發 食肆為了令食物更美味，都會加點「師傅」（味精）吊吊味，繁忙的香港人經常在外吃飯，不知不覺下每天便攝取了過多的鹽份。過量的鹽會引起高血壓、心臟病或中風等！其實成年人每天只須攝取2,000-2,400mg的鈉便足夠，所以若能每天自行減少鈉的攝取，便可減低心臟病發，延年益壽。若必須在街外吃飯，可以多喝水（以純水或檸檬水）或淡豆漿，促進鈉質排出體外。又或是增加鉀的攝取，如進食乳酪、香蕉等，也可加速排走血液中的鈉含量。煲湯一下子落得重手，加太多鹽，也可以立即放兩片馬鈴薯於湯內，便可以減去一點鹹味！總之別多吃太鹹食物，每日飲食以清淡為主，拒絕濃味，心臟就會健康啲！ 記者：陳珮娟 食鹽有準則 每日攝取2,000-2.400mg鈉 可喝淡豆漿促進鈉排出 攝取鉀如食蕉或乳酪加速排走鈉 飲食有節、寒暖當心，起居以時，勞逸均勻。 ──中國名伶梅蘭芳"
20100730-296,20100730,296,減肥妙方 - 左丁山,減肥妙方 - 左丁山 名人兒子身高六呎有餘，但留學美國之後，唔知係唔係食得快餐太多，體重大增，達二百五十磅，暑假回來，名人見到，大吃一驚，急忙帶兒子睇醫生，醫生話一定要快快減肥，否則嚴重影響健康，命都短幾年。 名人周圍打聽，邊度有減肥妙方，打咗幾個電話，個個都話有子女到中文大學減肥，減肥中心有兩度，一在中環，一在威爾斯醫院。名人立即打電話去預約時間求見營養師，得到答覆就係：「最快要到八月中，即三星期之後。」三個星期之後，兒子要返美國預備上課了，如何是好，於是名人問左丁山有無辦法？左丁山不是神仙，唯有講多幾句「鎖你、鎖你、鎖你。」 中大嘅減肥計劃其實係由營養師為減肥人設計餐單，減肥人必須跟到足，每個星期「覆診」，向營養師交下過往七天嘅食物紀錄，由營養師畀意見，並無甚麼主要運動配合，但係真有效果噃。大記者早知道有此「減肥餐單」，身先士卒去試吓，掂！後來肥仔Ｋ得知，亦要參加，唔夠六個月，體重由二百○三磅減到一百七十，腰圍由四十吋減到三十六，但營養師嫌肥仔Ｋ減肥速度太快，叫佢唔使咁心急。肥仔Ｋ嘅餐單認真食而無味，日日每餐水浸菜一份，白飯一碗，牛肉豬肉可食，必須唔加醬汁，飲茶時就叫一碗菜遠肉片米粉（麪有油，不宜）、一碟瘦叉燒、一份水浸菜，如魯智深所言，吃得口裏淡出鳥來。肥仔Ｋ又自動去跑圈、游水，故此減肥速度更快。 原來減肥可以慳到錢，減肥前，肥仔Ｋ買一份保險，要填上體重、身高、腰圍，保險公司話佢身材不合標準，要徵收保險附加費幾百美元，嚇咗肥仔Ｋ一跳，你話要每年畀多幾百美元保險費，不如自己減肥，慳番好過。參加減肥計劃之後，在威爾斯醫院碰到幾位同學與朋友，全部都係過肥，營養太好嘅八十後，香港肥仔何其多也。講甚麼纖體代言人吖，原來吃吓無汁無味口淡嘅營養餐都可以掂！
20100730-297,20100730,297,活樂遊2：7星級纜車空中晚餐　5水柱射背摩,"活樂遊2：7星級纜車空中晚餐　5水柱射背摩 在金沙空中花園泳池落水不成，在新加坡30幾度天時令我更渴，不止喉嚨，是身心俱渴！此刻腦際只有個「水」字，嫌飲都未夠：「Ijustwannagetwet！」 記者：曾冠輝 鳴謝：SingaporeTourismBoard、新加坡航空、St.RegisHotel 名牌熱石水壓Spa 朋友們，容我再三告訴你：別再以為旅遊記者可免費旅行係份筍工，朝8晚10由朝影到晚你以為真係可以嘆世界？採訪整天真係未必有力跳落水玩個痛快，說起水我只想到spa，水療也！ 行前得悉這次出差入住開業僅兩年的St.Regis，到訪過集團在峇里的resort已對這名字留下深刻印象，這次老實而老土咁講：未出發先興奮。 St.Regis是美國酒店品牌，兩年前來到新加坡不但帶來了一座建築物，還帶了名牌RemedeSpa落戶獅城，剛開業即獲SpaAsiaCrystalAwards選為亞洲最佳酒店spa，威水吧！走入spacentre似進入水底宮殿，reception最搶眼的水晶燈旁掛滿玻璃球，如冒上水面的氣泡。不過我每次去spa都不過是做massage罷了，水療之「水」只為冲身，這次我坦白表明心迹：「我要水！」「得！安排你做WarmVichyShowerMassage吧！」spa床原來是熱石，塗滿了以植物提煉的潤膚油，被水冲都唔怕dry。床對上有5個可調校角度的噴水口，一開水力唔講得笑，5條倒轉噴泉似的射準背上穴位，儼如指壓，但更柔軟而力度平均，完全無痛楚，舒服得會瞓着的。 RemedeSpa 費用：WarmVichyShowerMassage$1,254，60分鐘 網址： http://www.remede.com  大擦飛鮮海產 做完spa一覺睡醒，如被打通奇經八脈，血氣好胃口也好，即到酒店餐廳醫肚。「我們有最新鮮的海鮮！」新加坡地理位置本來就得天獨厚，介乎亞洲與澳洲之間，對開的南中國海固然有大量魚穫，澳洲的新鮮海鮮也能飛快送到。不過，是夜精采的海鮮拼盤，有從法國來的朋友：生蠔，還未到最佳季節，蠔已甜美，帶海水味已知有幾新鮮，加上典型法國蠔的金屬味：「試用這杯Burgundy的白酒配搭吧。」港籍侍酒師Danny精選的白酒同樣帶礦物味，與蠔匹配至極。這夜一下子幹掉了成打生蠔，特此奉勸：切勿模仿！ a.St.RegisSingapore 地址：29TanglinRoad 房價：ExecutiveDeluxeRoom每晚$2,680起，包括管家服務或於Decenter品酒 網址： http://www.starwoodhotels.com/stregis/  施華洛世奇水晶纜車 講到水，無可能唔提聖淘沙，海灘上未必有新玩意，反而在路上找到新鮮。聖淘沙CableCar上年9月起停開進行翻新，上周三終於重開。新車廂大咗又型咗，而且仲豪華咗，裏外都附Swarovski水晶作裝飾，車廂玻璃亦以Swarovski水晶強化，難怪自稱是世上唯一7星級車廂。纜車更像摩天輪SingaporeFlyer一樣，可讓遊客預訂包廂享用空中晚餐，我第一時間想到：求婚最啱！ 路線第一站MountFaber上的JewelBox亦整過容靚咗唔少，餐廳及酒吧採開放式設計，環迴可俯瞰新加坡夜景。到達聖淘沙那邊，玩樂更多，未落沙灘可先玩環保零排放的「小型高卡車」，即是：車是無引擎的，完全靠地心吸引作動能，沿斜坡賽道一直往下行，手裏可掌控只有方向和dupbrake。小兒科？我即場就見人人尖叫狂呼。 b.JewelCableCarRide 費用：來回每人約$148 網址： http://www.mountfaber.com.sg  Cable水上仆 仲想玩水？新加坡水上活動不少，但都不在海上，好似滑浪，唔係海灘而係酒吧門前的人造捲浪上；又如滑水，同樣沒有快艇。在新加坡跳上的士同司機講：CableSki，基本上都識得車你去EastCoastPark。CableSki已開業4年，在東海岸邊一個lagoon上架起鋼纜，讓初學滑水者唔使快艇、唔使浸鹹水、唔使面對風浪全天候玩個痛快。玩法看來好簡單：坐在岸邊穿好滑水板放在水面，手執把手等候，待鋼索到來將你扯走，這時切忌身體重心向前傾，最好保持身體垂直，稍稍挨後，滑水板前端微微翹起，即可水上飄！簡單嗎？我在岸上統計，10個出發未必有一個成功站得住腳，大多狠狠撻落水收場。不過仆得一兩次，慢慢就掌握到了，小心翼翼還是可在水面滑到一兩次圈。就算仆低，游返埋岸都好容易。在這裏練習一兩小時，我相信我有信心返來滑真浪！ c.Ski360 地址：1206AEastCoastParkway 費用：1小時$182（平日）、$239（假日） 網址： http://www.ski360degree.com  新航商務位Givenchy寢住瞓 去過幾次新加坡，終於坐到空中巨無霸A380，若要論不同還是有，不過在商務艙。1-2-1橫排陣式每個座位睇落闊咗，一問原來有成34吋，而且與鄰座設間隔可保持私人空間。未必好新鮮但非常重要的，是貝殼式設計的座椅可以平躺，加上真皮座椅和Givenchy寢具，即是話搭長途都可以有覺好瞓，但你首先要敵得過15.4吋顯示屏及出名精采update的機上娛樂系統。 TravelMemo 持BNO或特區護照，免簽證可停留三個月。新加坡領事館電話：25272212 新加坡航空來回香港新加坡機票由$2,891起，查詢： http://www.singaporeair.com.hk  1新加坡元約兌5.7港元（文中價錢已折算港元） 220V，三扁腳插座"
20100730-298,20100730,298,Duke'sDeli小廚師派對,Duke'sDeli小廚師派對 要為子女安排暑期活動？不如跟寶貝去學整迷你Cupcake或薄餅，相信一定會受歡迎。Duke'sDeli逢星期六、日及公眾假期將推出「小小廚師派對」親子烹飪班，每位小廚師可在充滿玩具佈置的貴賓房內學習烹調技巧，品嚐自己親手做的美食外，玩完更有ToyStateInternationalLimited送出的精美玩具。 小小廚師派對 日期及時間：逢星期六、日及公眾假期（11am至1pm) 費用：$288（另加一服務費） ＊包小童（3至12歲）及成人各一 查詢：35834696
20100730-299,20100730,299,書展遺芳 - 鄧達智,書展遺芳 - 鄧達智 香港書展辦得興旺過大笪地、廟街；比花車遊行維港煙花更過癮，媒體關注程度超越香港時裝節香港小姐亞洲小姐總和，嘉賓名單各適其適，心儀的章詒和小姐，見着不用他開口幽默便叫人歡心的倪匡叔……就是不讓舉行簽名會入場晒冷的o靚模亦也涼快了不少宅男電車男味精男既單純又重叠的心。沸沸揚揚各取所得，通往會展天橋上的人龍天天朝拜，貿發局相當成功。 三聯書店高層跟我說，是時候重新出書了。 好啊好啊……！過去數年這號無關痛癢標準回應純屬公關，然而此時此刻在BonnieGokson的Sevva大露台，藍天白雲底下看着那麼一大伙美女們，陳幗儀、文麗賢、虞茱迪、劉天蘭、張天愛、陳嘉容、AnaR.……齊齊贈興王麗儀新書《我的時尚騷靈》，心念直轉；Owe她們太多，當時尚事件、人物都轉向國際化、公關化、廣告化；一邊看似興旺另一面那份整容Botox濃重漸漸嗅到一份缺乏趣味吸引下跌氣味。 想想，書名叫《麗賢到慕蓮》，這次我的「好啊好啊……」不再虛假而是一口承諾。談美人一般太注重今朝，忘卻背後歷史鏈成。 好幾年沒去過書展，太熱鬧不是壞事可不是自選項目。報章連日報導書展大大小小花絮，不知多恭喜出書賣個滿堂紅的好朋友，例如少年食神林澄光《約會美食》，文潔華《裸睇》。可惜中間有遺珠，阿甜遊過書展給我捎來肯定讓我開心的單張：《銀壇吐艷──芳艷芬的電影》。她說芳姐當然沒出現但攤位十分四正，報章遍尋不見；也好正符合一代花旦王恬靜風格。50，60年代香港老電影當中，國語的最愛葛蘭尤敏林翠葉楓，粵語首推芳艷芬與梅綺，着實留下豐富映像美好時光，重溫留芳。
20100730-300,20100730,300,保羅助會考生解迷思,保羅助會考生解迷思 保羅嚟咗香港？非也。只係保羅孖生兄弟，又叫保羅，知道末代會考生就快放榜，心情緊張，所以約埋命理學家一同坐鎮加連威老道gi商場，為會考生指點迷津！會考生只要憑學生證或准考證於商場消費滿$50，就可以問保羅或命理師一條問題。到底應否瞓街等選科，讀書定返工？好諗定問邊題！不過準唔準就真係唔知喇！ 勿零零 即日起至8月3日 時間：3pm-7pm 查詢：31885273
20100730-301,20100730,301,每天開心多一些：高脂肪的快感,每天開心多一些：高脂肪的快感 你有沒有試過食甜品後，覺得心情特別愉快？如此奇妙的反應源自身體一種化學物質。動物實驗證明，進食朱古力和甜品後，能夠促進腦部「腦內啡」（別名「胺多酚」）的分泌。腦內啡是經腦下垂體和脊椎動物的丘腦下部所分泌的氨基化合物肽，能與嗎啡受體結合，產生與嗎啡鴉片劑一樣的止痛和欣快感，等同天然鎮痛劑，令人心情愉快，難怪那麼多女生都愛三五成群以checkpoint形式幫襯甜品店和朱古力店啦！其實，食高碳水化合物或高脂肪的食物都有同樣效果。如果唔想多吃以上令人增磅的食物，建議大家以踩單車、跑步、游水等帶氧運動代替，因會令心跳加快和氧氣需求量急升，肌肉亦會變得痠痛，腦部為適應這種身體變化而會分泌腦內啡解除疼痛，令精神變得愉悅，但緊記毋須過量，只要做到有放鬆心情的感覺已足夠。 記者：蔡俊業 刺激腦內啡分泌食物 ‧	進食自己喜愛的食物 ‧	甜食如朱古力 ‧	碳水化合物食物如飯或麪包等 ‧	高脂肪食物如漢堡包、花生、奶油等 快樂的微笑是保持生命康健的唯一藥石，它的價值千萬，卻不要花費一文錢。 ─美國未來學家奈斯比特
20100730-302,20100730,302,i風物語：用手機App睇放榜,i風物語：用手機App睇放榜 下個禮拜三會考放榜，無論有無信心都好，打定底，建議大家都係Plan定搵校路線安全啲！以前單靠Internet上網睇剩餘學位，不知幾唔方便，家有手機上網，仲有放榜App為大家隨時Update，講緊係NokiaOvi推出嘅《中五放榜全攻略2010》，佢除咗為事前提供「放榜物資備忘錄」同埋「中六聯合招生計劃」，仲有「即時學位餘額查詢」，真係行到邊睇到邊，非常方便！ 免費下載：http://store.ovi.com/content/47491 記者：陳國輝
20100730-303,20100730,303,i風物語：MagicTrackpad無線任捽,i風物語：MagicTrackpad無線任捽 當人人搶買iPhone4之際，Apple再公佈Mac系新成員MagicTrackpad！佢個Size，大到5隻手指都放得落，質感更用上鋁合金物料，肯定比用Mouse好Feel啲！更重要係，除咗有傳統嘅Multi-Touch、點擊、捲動、輕掃以及旋轉功能外，仲追加藍芽，官方話，只要距離唔超過33呎，你就可以透過無線傳送直接操作。 記者：陳國輝 http://store.apple.com/hk-zh
20100730-304,20100730,304,LV先挑老模鬥新模,LV先挑老模鬥新模 當我們在書展前，討論這些無關重要的老模嫩模話題，把自己的文化展覽搞得不乾不淨又無定位時，LouisVuitton的最新一輯2010-2011秋冬女裝廣告系列，已彰顯了其對創作對藝術的定位。這輯秋冬女裝廣告就如一幅美人淑女圖，就如LV的品牌藝術總監MarcJacobs所講：「路易威登的魔力在於每個季度新意層出不窮，春夏季度以新世代旅者為題，秋冬筆鋒一轉換上優雅的美麗伊人；兩個系列及廣告各見其妙，但路易威登的創意精神始終如一。」廣告拍於紐約的影樓，由攝影師StevenMeisel操刀，三代超模最老資格的ChristyTurlington、KarenElson及NataliaVodianova爭妍鬥麗，影樓就如電影明星的衣帽間，啡黃色主調略帶懷舊，活現光華四射的電影女神風華；秋冬系列的主打束身衣、五十年代風格的針織及大傘裙，四周堆滿鞋盒，不經意露出秋冬主打的蝴蝶結粗跟鞋履；身旁的Speedy手袋展現出蠟牛皮、鱷魚皮、花邊蕾絲罩緞料或珠片Monogram款式。 記者：曾玉瑩 左起：三代超模ChristyTurlington、KarenElson及NataliaVodianova。
20100730-305,20100730,305,叮叮5分鐘香炒烏冬,叮叮5分鐘香炒烏冬 微波爐方便好用，除用來叮麪包、隔夜餸外，原來仲可以炒烏冬，時間亦只不過5分鐘，今日由iCook廚具達人MaxWu教大家炒烏冬。材料很簡單，只要一包即食烏冬、小量蔬菜和瑞士汁。將蔬菜切碎後與烏冬同放入耐熱器皿中，加入一湯匙清水，用保鮮紙密封後，放入微波爐用中高火叮2分鐘，取出後加入兩湯匙瑞士汁，拌勻後再封好保鮮紙，以中高火再叮一分半鐘，即刻有得食！ 將菜與烏冬放入碗內，包保鮮紙後叮2分鐘，之後加入瑞士汁再叮便可。
20100730-306,20100730,306,花心Stephy　愛在蜜桃成熟時,花心Stephy　愛在蜜桃成熟時 大膽，Stephy竟然說：「我好花心，每次都想試幾個……」？那方先生豈不……勿誤會！Stephy說的不是愛情觀，她指的是對甜品，每次食上幾個甜品才吃個夠，坦白說，哪個女生不愛甜，面對豐滿紅潤鮮嫩多汁的水蜜桃更情難自禁！ 記者：梁美甜 攝影：楊錦文、梁細權 OnStephyMake-up：Boo Hair：VincePang@ILColpo（TST） Wardrobe：Tara 東瀛蜜桃分四等 每年七月至十月頭均是水蜜桃當造期。水蜜桃品種極多，近年以香甜多汁的日本水蜜桃最受歡迎，日本桃主要分特秀、秀、優、良四等級，特秀為最優質。日本桃產量以山梨縣最多，其他更包括福岡縣、岡山縣及山形縣等。其中山梨縣特秀級數的白鳳水蜜桃，果肉軟滑香甜，桃味濃，而清水白鳳桃清甜多汁，卻桃香稍淡；想口感豐富一點也可選黃金桃，肉質較厚纖維較多，聞起來帶陣陣芒果香。現時以白桃最當造，除一個個粉紅多汁的桃外，更有不少桃製品如果凍、桃汁等，同樣嚐到桃香。但黃金桃及岡山清水白桃要等到八月才收成，想嚐就要等等。 半夜思甜　瞓唔着 「我不嬲都鍾意食鮮果同甜品，尤其是西式甜品，好似燉蛋白、奶凍之類，覺得花巧得來好靚又好味；好多時半夜都想食甜品，搞到瞓唔着，同朋友周圍去搵呢！」迷到如斯地步？「係呀，我花心，又心多多，一人一個甜品都唔夠，兩個人起碼要四個，一人一個，兩個share。」那，可試過為情人送上親手製蛋糕甜品之類呢？「有，曲奇餅、芝士蛋糕都有整過，最記得初初學人整蛋糕就試過整海綿生日蛋糕送畀男朋友，結果要焗到第四個至成功。」這個海綿大哥一定不是方生，但，都好sweet。「其實每次為愛人烹調都會覺得好sweet，為了可以讓心愛嘅人吃到自己親手做的東西，更會多一份堅持同動力呢！」Stephy帶點少女羞怯笑着道來。 邊吃邊爆汁 看到桌上一大堆來自日本的頂級白桃，Stephy情不自禁拿起來聞個夠，「好香！」「日本桃正值當造，又甜又多汁呢！」在場的小谷（谷祖琳暱稱）接着說，更即席拿起來示範了一道全新甜品呢！最爆笑是，Stephy邊將水蜜桃切粒邊將大大粒果肉送進口，還因偷吃爆汁而羞笑。可會用水蜜桃來炮製蛋糕送予愛人？「水蜜桃多汁不太適合做蛋糕或糖水，做特飲應該幾好，好似水蜜桃茶咁，飲落應該幾舒服。」Stephy又甜甜的笑着說。 招牌糖水迷你版$15/碗 （左起）冰花雪耳燉木瓜、楊枝甘露、腰果露杏仁茶。（最少兩碗） 紅粉蜜桃$29 選取香蕉、水蜜桃、奇異果、菠蘿等打成汁再加入時令生果粒，桃味突出。 軟心醉蜜桃$29 白酒與桃的香甜味道十分夾。 冬瓜竹笙薏米桂花糖水$22 竹笙、冬瓜、潮州鬆化蓮子、百合、薏米消暑去濕！ a.源興食品有限公司（27181103） b.肥仔號（27187207） c.city'super（23758222） d.UNY（23371663） 超筍價甜品 素來鬼主意創意零舍多的小谷就將日本水蜜桃入饌，炮製多款季節限定的水蜜桃糖水及甜品，選用的是日本特秀級超靚水蜜桃，來貨價都要近八十元一個，小谷推出的限定甜品卻一律只售$29，初時還以為聽錯，「做推廣嘛！我不嬲都鍾意食，有靚食材就可以整到靚甜品，我都想其他人嚐到好味又有質素嘅甜品」，小谷笑說。一個甜品用上大半個甚至一個有多的水蜜桃，如此落本只為大家吃得過癮滿足，終於明白為何她的甜品這麼受歡迎。 北海道牛乳系列迷你版$12/杯 （左起）朱古力奶凍、芒果奶凍、三重奏咖啡奶凍、荔枝奶凍。（最少三杯） 雪綿蜜桃推廣價$29 雪綿冰自家以新鮮士多啤梨製成，配半個新鮮多汁水蜜桃，賣相超吸引。 小甜谷（34881612） 西環爹核士街1D地下
20100730-307,20100730,307,嘆一站式美容,"嘆一站式美容 每星期訂一日為「美容日」實在很奢侈，不過凡事均事在人為。要實行「美容日」就先要找間夠方便的一站式美容中心。位於銅鑼灣全新開業的MegeveBeauty&Medical，佔地5,000呎，集纖體、高科技醫學美容、激光永久脫毛等一應俱全。Megeve打響頭炮是率先引入首部通過臨床研究認證有效改善橙皮脂肪的塑身緊膚儀器──VelasmoothPro，其特製的真空滾式按摩能撫平肌膚，減少脂肪囤積，面同身都做得o架！ 記者：胡卓琳 VelasmoothPro 緊緻面部輪廓療程（$2,500/20分鐘） 試做價：$680/20分鐘 塑身緊膚療程（$3,000/20分鐘） 試做價：$880/20分鐘 MegeveBeauty&MedicalCentre 銅鑼灣希慎道1號20樓（25916128）"
20100730-308,20100730,308,得罪廣州人了 - 李純恩,得罪廣州人了 - 李純恩 廣州人捍衞廣州話的運動，一定會越搞越大。 廣州人說捍衞「廣州話」是對的，廣州話就是廣州話，不是廣東話。 廣東話包括很多方言，潮州話、台山話、鶴老話、客家話——種類繁多。外省人搞不清楚，一聽廣州話，就說是廣東話。只有廣州人最清楚，所以不捍衞廣東話，只捍衞廣州話。 廣州話也叫廣府話，發展出廣州，就有許多分枝，比如廣西南寧說的「白話」，基礎就是廣州話，雙方說得通，只是語調和某些用詞有分別。 香港話也如此。 香港話源自廣州話，但已自成一格，語音腔調已經改變。廣州人和香港人，語言相通，但一開口，還是分得出彼此。廣州話的口音，要比香港話重。所以香港人看見廣州人捍衞廣州話，便以為自己也有份。香港話，是一種廣東話，下次全廣東的人捍衞廣東話了，香港人再加入都不遲。 以舉辦「亞運會」為由，禁止電台電視台用廣東話，足見政壇笨人當道，無端端吹皺一池春水，搞些吃力不討好的動靜，真應了廣州話彥語：捉蟲入屎忽。這等自討苦吃的事情，稍有些頭腦的人都會避之則吉，只有極蠢的人才會去招惹，現在就是招惹了，真是「撩人者賤」，將自己逼到死角，周圍一片「掉哪媽」的怒潮，不知如何收科。
20100730-309,20100730,309,寫真事務所：P記追加3D鏡配件,寫真事務所：P記追加3D鏡配件 呢期Panasonic、Sony等DC牌子可謂鬥到火紅火綠！7月初，Sony剛推出內置3D拍攝功能嘅卡片相機TX9，同時高階版NEX-5亦加入可拍攝3D全景掃描功能配件，令DC界Hit起一陣3D熱！ 不過Panasonic亦唔執輸，日前公佈推出3D鏡頭配件LumixG，提供資料唔多，只知佢有兩組光學鏡頭，未清楚屬邊一類3D技術；對應邊部機暫亦未有公佈，但P記有幾部相機可換鏡頭啫？ 記者：陳國輝 推出日期、售價：待定 http://panasonic.co.jp/index3.html
20100730-310,20100730,310,星座 - 芬妮,星座 - 芬妮 睇過癮動畫版 V壹網：http://www.vdonext.com/fortune 獅子座　23/7-22/8 有想做的事情，豁出去做吧，其他人也會被你的積極而感染。 處女座　23/8-22/9 千萬不要害怕轉變，歌仔都有得唱「變幻原是永恒」！ 天秤座　23/9-23/10 宜靜不宜動，不要四處奔波，只宜留守公司工作或回家休息。 天蠍座　24/10-22/11 好好保護自己的心靈，忌心存雜念，小心被愛情騙子所傷。 人馬座　23/11-21/12 發現現實與理想並不相符，與其想太多，不如早點回家睡覺。 山羊座　22/12-19/1 新人事新作風，漸漸你就會習慣了，給些時間靜觀其變吧！ 水瓶座　20/1-18/2 有人正在打你壞主意，請小心看管你的財物，不要外露人前。 雙魚座　19/2-20/3 同事們常搞小圈子，上司開始有微言，最好不要捲入其中。 白羊座　21/3-19/4 誤交損友會嚴重影響到你的學業，不要在街上亂識朋友。 金牛座　20/4-20/5 既然相處了一段日子仍感到不甚投緣，何必勉強走在一起。 雙子座　21/5-21/6 受工作影響而情緒低落，情人的一通來電，令你重拾自信。 巨蟹座　22/6-22/7 充足的睡眠令你容光煥發，趕快悉心打扮約會心儀對象吧！
20100730-311,20100730,311,免費名牌袋,免費名牌袋 認真數數，究竟家中有多少個環保袋？10個？20個？夠未？其實……未夠的，皆因ToteBag又輕又易襯衫，魅力實在很難抵擋，無論男女均可套用。現為慶祝2010秋冬男裝系列全面抵舖，JOYCE就特別與ThomBrowne合作推出全球限量ToteBag。顧客於7月30日起於中環JOYCE購買任何2010秋冬男裝系列，即可免費獲贈ThomBrowne×JOYCE限定ToteBag一個，數量有限，送完即止。每人只限換取一個。 記者：胡卓琳 JOYCE（28101120）
20100730-312,20100730,312,矛　盾 - 區樂民,矛　盾 - 區樂民 一個衣冠楚楚的中年男人來看我，他填寫的個人資料，職業一欄留空了。他不願透露，我也不便問。 「哪兒不適？」我先開口。 「沒有不舒服，只想檢查一下。」他低聲地說。 他經常北上尋歡，擔心染了病。我為他檢查，並取了些樣本作化驗。 「既然害怕，為甚麼要玩？」我直問。 「人就是那麼矛盾。」他答道。 「跟太太關係不和嗎？」 「我們十分恩愛。」他堅定地說。 「那麼為何要玩？」 「不滿足。」 「太太知道你去玩嗎？」我又問。 「當然不知道。」他說：「如果她知道，必定很傷心。」 「你愛太太，為甚麼還要做一些會令她傷心的事情呢？」我嘗試了解他的內心。 「我玩得很安全，不染病，她就不知道。」 「沒有『玩得很安全』這回事。只要付錢，人人都可以玩，怎會安全？」我提醒他。 「說的也是，」他點頭表示明白，並道：「所以我來做檢查啊！」 「人很聰明，包括你的太太，她終會知道的。你真的願意用大好家庭來換取一時之快嗎？」我作最後忠告。 他默然。 一個女醫生曾問我：「你知道外星人和專一的男人有甚麼共通點嗎？」 我搖搖頭。 她說：「常常聽到有這類人，但從未遇過。」
20100730-313,20100730,313,音魂：Logitech出打機專用5.1,音魂：Logitech出打機專用5.1 呢排Game界熱話，唔係講Kinect就係PSMove，體感遊戲大晒！就連出開腦界Product嘅品牌都玩過界，搞遊戲影音！主角就係LogitechSurroundSoundSpeakersZ506。佢係一部5.1家庭音響組合，並可透過RAC端子，直插落遊戲機；同時亦支援3D立體聲環繞音效，用佢嚟打槍戰遊戲或者即時嘅OnlineGame，一定好Feel啦！ 冠恒集團（31851030） 記者：陳國輝
20100730-314,20100730,314,星座 - 芬妮,星座 - 芬妮 睇過癮動畫版 V壹網：http://www.vdonext.com/fortune 獅子座　23/7-22/8 網絡情緣不適合現實的你，不要再坐在電腦前等機會來臨。 處女座　23/8-22/9 心目中有甚麼大計最好立即實行，過了今天你便沒有動力去做。 天秤座　23/9-23/10 在愛情上故弄玄虛只會造成反效果，不是每個人都受這一套。 天蠍座　24/10-22/11 遇到不講道理的人，沉默就是最好的應對方法，不宜對罵。 人馬座　23/11-21/12 在愛情上別太過急於發展，小心你的急進會嚇怕對方。 山羊座　22/12-19/1 情緒不穩，應暫時把自己關起來冷靜一下，以免破壞形象。 水瓶座　20/1-18/2 應盡量避免出入娛樂場所，小心被牽涉入桃色糾紛之中。 雙魚座　19/2-20/3 朋友失約兼玩失蹤，打了一整天電話都聯絡不到，心情下滑。 白羊座　21/3-19/4 今天財星高照，忘記帶銀包外出，有人自告奮勇替你找數。 金牛座　20/4-20/5 黃昏過後向心儀對象提出邀約，對方接受的可能性極高。 雙子座　21/5-21/6 不妨在裝扮上多花點心思，有機會在朋友堆中發現新對象。 巨蟹座　22/6-22/7 外出有利，不要坐着呆等機會，有可能會洽成一單大生意。
20100730-315,20100730,315,搬到新加坡 - 邁克,搬到新加坡 - 邁克 正因重遇肚臍餅而陷入孩提回憶，收到香港一位朋友電郵傳來的剪報，這回主角難得不是他暗戀經年的鄧小宇，而是我供奉了半輩子的文字菩薩張愛玲。事緣《張愛玲私語錄》火熱上市，他體恤蹲在鐵塔陰影下捱法式麵包的流浪漢鞭長莫及，投以報刊的回應文章暫時止渴，受惠人當然感激不盡，立即細心閱讀。沒想到有一段教我晴天霹靂：九七臨近，猶鮮的走避共產黨記憶發酵，她估量到時駐港經理人必定收拾細軟鬆人，於是表示「我也要結束香港的銀行戶頭，改在新加坡開個戶頭，無法再請你代理，非得自己在當地。既然明年夏天要搬家，不如就搬到新加坡……」 哎呀，戶頭什麼地方不好開，嫌瑞士太遠就近選擇加拿大也不壞，她老人家怎可以用輕率且輕快的口脗，宣佈有意遷居空氣不流通的南洋島國？也不說隨身行李藏着《小團圓》那麼鹹濕的手稿，過海關被查出監都有排坐，人家接不接納非科技專才申請移民還成問題哩。連鞏俐這種國際知名的電影明星，也要透過配偶貴為當地人才成功取得身份證，如果她貿貿然入紙，我有點懷疑移民局負責人打電話去文化部諮詢「有沒有聽過一個名叫愛玲賴雅的美國作家」，答案除了「黐線」還有沒有其他可能。唸中學的一幕浮上來了：作文我是快槍手，交卷後通常坐在班房看書打發時間，有一次老師走過，拿起我讀得津津有味的小說，對着綠底印大月亮的封面皺眉：「張愛玲？什麼人？」你看，真的毋庸經過文革洗禮，才會像鍾阿城那樣為「不知是躲在哪個里弄工廠的高手」而納罕的。
20100730-316,20100730,316,生肖 - 徐緣,生肖 - 徐緣 睇過癮動畫版 V壹網：http://www.vdonext.com/fortune 虎 同學未必個個是良朋，小心損友，出賣及中傷你！ 兔 愛情看似無風無浪，但內裏已暗藏危機，宜小心。 龍 健康運很差，容易感冒發燒，千萬不要只吃成藥。 蛇 家人的鼓勵，令你不再半途而廢，宜努力進取呢！ 馬 堅持到底，事業上必須要有決心，不要懷疑自己。 羊 本以為學業能夠有所進步，但還是原地踏步呢！ 猴 財力改善，收入增加，積少成多，作個人儲蓄了！ 雞 事業最難捱的日子，將成過去，宜重新檢討得失！ 狗 愛情躍居優先位置，如沐春風，讓別人充滿羨慕！ 豬 財星高照，機會接踵而來，巨細無遺，一網打盡！ 鼠 身體沒甚麼大問題，但精神非常緊張，宜注意呢！ 牛 在你最失意的時候，家人是你的支柱，不要擔心！
20100730-317,20100730,317,帶Kindle去旅行 - 盧峯,帶Kindle去旅行 - 盧峯 一位愛看書的朋友剛買了Kindle電子書，禁不住向我推介Kindle的種種方便之處。一些沒有版權限制的舊書、舊小說固然可以無限制的下載，盜版中文書更是多不勝數（金庸、古龍的武俠小說都全套齊備）。他說，有了這樣一本Kindle，書已經多得一輩子都看不完。他還說，正在Kindle看D.H.Lawrence的《查泰萊夫人的情人》（LadyChatterley'sLover），想不到近百年前的小說已寫得如此露骨纏綿。 老實說，不大能夠把《查泰萊夫人的情人》跟Kindle這樣冷冰冰的東西連起來，D.H.Lawrence這本名著可是充滿激情，充滿熱情的啊！不少人翻了又翻，看了又看某些段落，例如尊貴的夫人偷窺工人冲凉的情節。有些人還會用紅筆或螢光筆「間低」一些精采的描寫。看Kindle時大概不能這樣做，甚至可能因冰冷的金屬質感而令人熱情大減。 從來不是追逐潮流科技產品的人，暫時也不打算買一本Kindle來代替其他書。但仔細想一下Kindle之類的電子書委實有它的好處，例如一個人去旅行的時候就可以一次過帶很多本中、英文小說同行，又或是把好幾套漫畫書如《神之水滴》、《死亡筆記》、《城市獵人》、《課長島耕作》……等帶上，方便搭機、轉車或嘆咖啡的時候看看，消磨一點時間。 對有些人來說，每次旅行最苦惱的是帶甚麼衣服、鞋子、絲巾配襯。對我來說最苦惱的是帶甚麼書。不可能每次都帶村上春樹的《遠方的鼓聲》吧！可多帶其他書的話行李篋又放不下，又或令背包過重，不能逍遙的四處走動。帶一、兩本最愛看的書再加一部Kindle，問題就可以輕易解決了！
20100730-318,20100730,318,生肖 - 徐緣,生肖 - 徐緣 睇過癮動畫版 V壹網：http://www.vdonext.com/fortune 虎 經常悶在家中，不如和親友一起出外散散心吧！ 兔 學習運挺不錯，努力進取，將有不錯的成績呢！ 龍 事業運不佳，但只要努力面對，大致沒有問題。 蛇 愛情運上升，心情變得漂亮，接近成功的時刻。 馬 健康運差勁，吃不下，睡不着，大病將會來臨。 羊 愛情運不佳，和伴侶發生意見，大家好好溝通。 猴 和家人的相處好像出現問題，宜好好的忍耐一下。 雞 加把勁！工作運上升，可望有提升職位的機會。 狗 財運差到極點，賺幾多用幾多，財來財去真是悲哀。 豬 學業成績不佳，不能只怪責別人，要怪怪自己太懶散。 鼠 財運不佳，賭甚麼輸甚麼，請你不要再沉迷賭博了！ 牛 身體狀況須好好留意一下，一些小病正醞釀中呢！
20100730-319,20100730,319,強肌肉　練平衡　冰上晒親情,強肌肉　練平衡　冰上晒親情 暑假還有一個月，小朋友的暑期課程接二連三，天氣熱，最爽當然是走到凉浸浸冰面學溜冰，既可訓練平衡力同強化肌肉又可避暑，羨慕嗎？跟囝囝囡囡來個親子溜冰又如何？ 記者：梁美甜 攝影：梁細權 小腳板溜冰練大力 「溜冰是全身運動，基本上由3歲到成年人都可以參與，學溜冰會由基本開始，好似一些踏步動作、前後滑行、前後繞行等等簡單動作，都可以訓練到小朋友的平衡力，轉換重心的應變及適應能力同反應，更可以鍛煉雙腳的協調呢！」飛龍溜冰學校的溜冰教練Hermas解釋道。 手拖手溜個夠 爹哋媽咪可以放手站在場邊看囝囝囡囡上堂學習，也可以選擇參加親子班，與他們手拖手上堂，參加親子班的三對均是媽咪連小朋友，三對都是生手，一看就知不懂溜冰，最有趣是，哪個媽咪大膽行大膽滑的話，尾隨的小朋友也跟着大膽試，「就算兩個人都唔識溜冰，大人都一定學得快過小朋友，因為佢哋雙腳肌肉力量、協調同平衡都比小朋友強；最重要是小朋友都信任媽咪，跟住媽咪做，佢哋信心都大啲！」Hermas笑說，「親子班除咗促進兩人關係之外，好多時大人記性無小朋友咁強，一下子忘記了之前學過嘅動作，反而小朋友可教番轉頭呢！」 飛龍溜冰學校（23079365） 深水埗西九龍中心8樓 學花式踏舞台 除了一般的溜冰課程之外，不少場地也會開辦一些花式溜冰班予小朋友學習，「花式溜冰難度更高，要求更高嘅靈活度同體能。」MegaIce溜冰學校溜冰教練蔡Sir解釋道。「花式溜冰好多時要喺限時入面不停跳動，運動量好大，要好夠氣同好大體力，肌肉要發達夠力至可以支持大量彈跳嘅動作，無論係專注力、身體靈活度同埋自信心都會大大提升。」不懂溜冰也可以玩花式溜冰嗎？「可以，基本上無論係一般溜冰或花式溜冰都好，初學都要學習一連串基本動作，好似可以點樣安全跌、先後滑行、踏步之類嘅動作，只係年紀輕本身又有芭蕾舞底子就會快啲上手，提腿、手腳擺動等花式動作會較易處理得到。」不過，對一眾家長來說，最吸引的是小朋友在課程完成後，有機會參加《冰上魔幻劇場》畢業表演，做表演兼攞畢業證書，暑假充實外，父母更覺自豪。 畢業表演《冰上魔幻劇場》 日期：今日 時間：5-6pm 地點：MegaIce MegaIce（27094020） 九龍灣宏照道38號megaBOXL10
20100730-320,20100730,320,自助餐情報：即開即食　生蠔派對,自助餐情報：即開即食　生蠔派對 我是百分百的生蠔迷，但卻不是甚麼生蠔都可以放進口，特別是自助餐的，如果不是即叫即開的，我絕對不會願意用肚皮來賭一場，因為開好放在冰上的，十次有六次會半夜中招，屙到手腳無力，所以，一般我都是喜歡去oysterbar嘆oyster！但最近知道Mr.SteakBuffetalaminute即將推出新的夏日自助餐，吸引地方是每天會推出四款、來自不同國家的生蠔，例如法國的諾曼第生蠔（NormandicOyster），新西蘭的石蠔（RockOyster）等，當然最令我放心是，廚師會在生蠔吧前即叫即開當天精選四款生蠔。他更會將生蠔順時針由淡味至濃味放到碟上，再配上兩種醬汁，保證吃到生蠔的鮮味，我這個生蠔癡要出動了。 記者：李莉 Mr.SteakBuffetalaminute（28815757） 銅鑼灣百德新街2-20號恆隆中心3樓T03舖 價錢：$348起
20100730-321,20100730,321,節節退讓 - 李碧華,節節退讓 - 李碧華 面對生死，人人無能為力，只可「節節退讓」。 遇上天災人禍意外現場，希望救得一個得一個，心焦如焚的家人愛侶仍盼一線生機：「不管截肢失明癱瘓，只望保命出來就好，其他的以後再說……」 若是傷殘，不太嚴重已經感恩；若是從此起不來，他有一口氣，父母會終生照顧不求回報。 ─活着，最重要。 但失蹤很多天了，動員數百人搜尋不果，明知凶多吉少，已有心理準備，只有一個要求：「屍體早日找到，安排後事好好上路。」 及後，找到屍體比找不到還幸運些安心些，即使悲痛欲絕，但亦收拾心情吁一口氣。所以最痛苦的，是擔憂那腐爛發脹或支離破碎的屍體不知流落何方？召魂無策。 固執地逃避的親人總堅持：「找不到屍體我不相信他死了！」 每次看到這些新聞，都看到世人是沒資格跟死神談條件求憐憫的。一定是退、退、退，還有等、等、等。直至接受現實。 原來折磨較少的，不過「生要見人，死要見屍」。 勸人珍惜生命，正因大家已沒能力把它延長了，何以千方百計把它縮短？傷透愛你的人的心？尋死者一了百了，痛苦遠不及認屍者。
20100730-322,20100730,322,開倉情報：半價掃PaulFrank嬰兒禮盒,開倉情報：半價掃PaulFrank嬰兒禮盒 踏入夏天，又是各種名牌衣服鞋襪及玩具的開倉高峯季節，自問心多多，其中這個以美加百貨公司商品開倉就啱晒我，款式多，連美加名牌如FOREVER21、LeSenza、Claries、Aldo等都有，全部是原價的三至五折，平一半有多，歐洲貨水準素來有保證，最最重要是連名牌馬騮仔PaulFrank的BabyGiftSet都有，美國版的有齊奶嘴、蛤衣等，由$99起，抵！棄名牌取其他歐美牌子更平至$69呢！ （Bell） 日期：即日至8月1日（今、明兩天） 時間：11am-7pm 地點：觀塘成業街19-21號 成業工業中心1樓113室 查詢：26912985 註：自備現金及環保袋
20100730-323,20100730,323,阿珍與八達通 - 陳也,阿珍與八達通 - 陳也 零團費這個局，製造很多個導遊「阿珍」。導遊要吃飯，團友要佔廉價團的便宜，兩邊對壘，各有得失。這次阿珍罵人，被偷拍放上網，尖酸刻薄真人騷無打格仔，只能認衰。阿珍肯面對公眾，親身道歉，比起八達通那些高層，公開聆訊時扮失憶扮懵丙，將責任推搪得一乾二淨，導遊阿珍勇敢很多。她的人工，只及八達通高層的一個零頭，她也很想做好呢份工，雖然內地團友勒緊荷包，購物沒達標，兩天下來等同白做，阿珍開罵還算了，倒沒有把團友賣豬仔，將團友資料過戶給九唔搭八商戶。 阿珍帶內地團，對我沒半點影響。希望她勇於認錯後有誠實回報，將來遇到貴人，努力獲認同，收入調升，生活得到改善。但八達通兜售卡主資料，高層完全沒準備「這輩子欠了不還，下輩子還是要還出來」。法律容許商戶販賣個人私隱到無法無天地步，大至你的銀行戶口小至申請給印傭的一張易賞錢卡的個人資料，在閣下不知情狀況下一直在市場上交換、挪用。用顯微鏡才看到的一行字，為什麼刻意縮小？用阿珍的說法，這是「心虛」！零成本，賣人豬仔能淨賺四千萬，旅行社羨慕死八達通了。做人不要太過阿珍，做八爪魚也不行，就算生神仙保羅亦只得兩年命。還是做Octopus行政總裁吧，死好命的。
20100730-324,20100730,324,港龍25 - 鄧達智,港龍25 - 鄧達智 「天上有，地下無」曾經是大眾對25年前，1985年剛剛起航以港為家的港龍航空公司當時只有一乘客機的笑柄。25年後，港龍雖然還是以香港及亞洲中間航線為主的航空公司，但屢屢獲得區內，往返中國境內最佳品牌榮耀，不斷發展形變，亦成為國泰航空的姊妹機構，擁有航機以百計。 今天國內航線眾多，航次及機種亦頻密重型，但對一些尤其商務乘客說來，開會地點及工作地段的選擇不少仍以可乘港龍航班直達作優先考慮條件；行船走馬三分險，飛得愈多愈密的乘客比一年坐飛機兩次起四次止的遊客更小心更敏感，踏入機艙已完成一半路程到家，見到讓人心安的空中服務員笑臉途中慛人小安睡。世上叫頗密飛行者具信心的航空公司不算多，不信？做點調查，大概頂多十間八間，港龍肯定是其中一家。 港龍生日會上一些花絮讓筆者感動；十年了，畢竟超過3650多個日子，港龍漂亮的艙務人員仍然穿着在下1997年前設計完成，因金融風暴及後97各式不利因素一直推遲至1999迎接公元2000年才穿上的制服。更在活動中及25週年紀念冊上點名表揚，我是那種自己出書肯定不會主動送書，甚至忘記協助推廣的人種類別，表揚為我帶來感動？一般情況未必，然而這點動作卻送我回去那段歡欣的難得設計過程。 一般時裝設計師過去不會特別歡迎設計制服，但自Armani，Versace，Lagerfeld……等等大師為大型企業訂立形象及制服後才挑起同行的興趣。一般企業主腦人仍未學曉尊重專業人才，往往加入太多行外人意見，效果回報普通平凡。當年港龍負責階層，完全以開放、尊重的態度跟我合作，給予機會完成一段從業以來最快樂的設計經歷，而不時走進港龍航班得到艙務同事由衷感謝亦是一名設計師最高的榮耀。
20100730-325,20100730,325,南北和 - 林夕,南北和 - 林夕 那是一個暫時無從考證，但讓廣東人既自豪又恨得牙癢癢的傳說：民國初立，在一個選定官話的會議上，廣東話只差一票就成為官方指定語言。傳說就是差孫中山先生那一票，先生身為廣東人，一為避嫌二為北方軍力強大，要達到南北和局面，便「出賣」了他的母語。 如果歷史上本無其事，這傳聞的始作俑者可能因為受過不少官話霸權的氣，自己的方言飽受歧視，於是以不平人身份創作了這美麗又無奈的傳說。 二十年前開始接觸台灣樂壇的時候，久不久便聽見台灣人說想把某首廣東歌改寫成中文歌詞，填上中文歌詞，最初還弄不清楚是甚麼意思，廣東歌不是中文歌，難道是外文歌？到得明白他們所說的中文歌就是國語歌，潛台詞是廣東話不是「中文」時，真恨不得袁崇煥上身，直衝他們吆喝一聲「掉哪媽」，官話與方言均為我中華民族的語言，由口語到書成文字，皆為中文。 其後，慢慢習慣了，也不跟他們爭這個氣。他們以「華語歌」來包攬各中國語系的歌曲，卻奇怪無解地以「中文歌」形容國語歌，可能用以區別閩南歌，即使有所針對，針的也不是廣東話。 其實，捍衞廣東話，不止是面子的事情。如果我們認同各種方言土語都代表一種文化的根，保育不斷失傳的方言，就不該有排他性的比較。不同方言都有其趣味與特長，互相吸納一些獨門用語，各自豐富自家的生命力，才有和而不同的眾贏局面。
20100730-326,20100730,326,老外公的「拐棒兒」 - 嚴浩,老外公的「拐棒兒」 - 嚴浩 老外公快九十了，早起先行山，腳力好得不得了，每天早上他都會遇到一群同齡人，男男女女，精精神神。老外公的鄉音重，我一個字也聽不懂，他還有些耳背，即使這樣，他居然可以隨意和任何人溝通。行山回家後，他說：「人家問我年齡，我舉起兩個手，人家也舉起兩個手，和我掐歲數。」「掐」是數的意思，也有比較的意思，掐脖子的掐，很傳神。老外公來自四川，三國時候的蜀國，賦有歷史與文化的傳承，至今家鄉人講的所謂土話都是古漢語。彩虹他們叫「絳子」，我查了一下拼音，發現「虹」字也讀「匠」（這裏的「絳」「虹」國語發音都讀「匠」）。膝蓋他們叫「磕膝門兒」，又叫「磕膝頭」，強調是磕頭時候用的，古代的磕頭大禮，朝野經常使用，都離不開這個「磕膝門兒」。 老外公身體硬朗，唯獨腰有些佝僂，外母說，這是從前長年背背斗走山路，骨頭變了形。我想起有個老番朋友史提夫，他早上起床必做俯臥撐一百下，睡覺前也必再做一百下，幾十年如一日，到了五十歲的時候，仍然沒有肚腩，胸也很挺，但代價是背後的肩胛骨嚴重突起，像長了兩隻翅膀，這是運動過度以至變了形。我們的骨頭看起來硬，其實是錯覺，只要坐立姿勢不正確，日久一定變形。 老外公在山上尋了一節落枝，將它修成一隻拐杖，拐杖他叫「拐棒兒」，拐了一個彎的棒兒。臨回四川前，他要把這「拐棒兒」送給我做紀念，外母不允許：送人拐杖，不吉利！老外公說：「這不是拐杖，這些天來上山下山都靠它，它是我的恩人。」
20100730-327,20100730,327,保衞廣州話 - 李純恩,保衞廣州話 - 李純恩 朋友在報上看完新聞之後跟我說：倪匡都說支持廣州話，你支不支持？ 我當然支持。 廣州話是多麼豐盛和有趣的語言，你別看我生在上海，但對於廣州話的運用，可是非常成熟的。至於正音，我可以準確地分出「光」和「江」、「純」和「崇」的分別。為此，我還糾正過年青朋友的發音，雖然他們很不服氣被一個外省人糾正發音，但也不得不承認自己的口音是「懶」了。 對於一種語言，只要深入了解和運用之後，一定可以發現其中的文化和樂趣。從這一點來看，現在廣州那些提出壓制廣州話的官員，其實並不了解廣州話，也沒在這方語言上下過工夫。 作為地方官而不了解當地語言，對一個地方也就欠缺了了解的熱忱，那麼對一地風俗，也一定不大了了，對這個地方的民情，自然也摸不透徹。 這就是廣州官員壓制廣州話搞出個大頭佛的原因。上面派下來的官，高高在上，才有這樣的結果。你或許會說，提出壓制廣州話的，未必是外地來的官，很可能就是些做了什麼官什麼代表的廣州人。 這也不出奇，什麼時代都會出漢奸，今日廣州，也一定有揣測上意的拍馬屁的「廣奸」。 如果一個廣州人做了官而提出全面「普通話」，不要廣州話，那他肯定就是一個「廣奸」。先要除掉這類人，才可以真正保衞廣州話。
20100730-328,20100730,328,《潛行凶間》 - 嚴浩,《潛行凶間》 - 嚴浩 《潛行凶間》在美國開畫時勝過《叛諜狂花》，我認為不但票房應該勝過，從創意角度、導演手法、動作設計等各方面評價，《潛》片是大師，《叛》片只是優良的工廠產品，屬於兩個級別。 用這兩個純商業動作片做比較，可以明白什麼叫大師作品。首先是劇本原創意，原創意的意思是推動故事發展的因素完全創新，即使從前有人用過，但也從來沒有被演繹的那麼深入徹底、痛快淋漓。《叛》片的情節靠一位潛入CIA的蘇聯間諜來牽引，有什麼原創性？《潛》則講夢與現實的世界，重點則是夢中有夢。我老婆看完《潛》片後，好像充飽了電，High到上天，原因就是影片中的夢中夢，她曾有過相同經驗。《潛》是純幻想片，但幻想片可以令觀眾完全信服，這叫寫作技巧。首先，主角一定是一位令觀眾同情的悲劇人物，他的悲傷、他的思念，觀眾完全感同身受，有了這個基礎，再幻想虛構的情節，觀眾都容易接受。很多動作電影，只顧鋪排動作，主角則像機械人，缺乏感情刻畫，令觀眾入戲無門，這種片子上畫十部死十部。《潛》的動作設計與《叛》相比，《叛》一味強調主角是打不死的，而《潛》強調的是人的脆弱，追逐主角的歹徒一個一個犧牲，主角自己也險死還生，觀眾看得心驚膽跳。影片《阿凡達》中，主角在真實世界中是一位殘廢軍人，但在幻象世界中卻是一位矯健能飛的英雄，這時候反過來對比他的殘疾，更顯得令人遺憾難過。只要觀眾為主角感到難過，故事就可以天馬行空地進行下去。
20100730-329,20100730,329,大鑊飯 - 尊子,大鑊飯 - 尊子
20100730-330,20100730,330,學成語習英文 - 左丁山,學成語習英文 - 左丁山 有讀者來電郵，問起從前左丁山介紹過一本成語故事DVD嘅書，究竟係邊一本，對唔住，已經唔記得咗。不過讀者位千金既然在小學四年級，要學成語，坊間有好幾本啫，不如先去大書局搵吓，從漫畫成語故事睇起，引起小孩子閱讀興趣先。等佢睇完，先至叫佢讀文字成語故事都未遲，有啲成語故事書成個枕頭咁厚，細路見到，可能怕怕，從此冇咗閱讀興趣，反而不美。政治漫畫家馬龍近來以馬星原筆名從事兒童漫畫創作，包括成語故事漫畫系列，叫做《成語智多Fun》，有興趣嘅讀者可以留意吓。 又有讀者來問中學生讀英文，有乜課外書好介紹。記得三年前曾介紹過陶傑與Chugani合作嘅《不中不英DoubleTalk》嘅書，學生Ｙ捧讀再三，加上每星期讀一篇《經濟學人》社論，居然有奇蹟，高考英文成績不俗，入咗中大，是否人人都得，唔敢講，今年又有浸大新聞系馮強編咗一本《港督的聲音》，內輯柏立基至彭定康六位港督嘅演講，有中譯，有錄音碟，聽講幾好賣，中學生顧客多。啱啱又知道港大新聞系（詳細名稱係香港大學新聞及傳媒研究中心，間間大學嘅新聞系課程都有不同名稱，左丁山統統稱之為新聞系，費事咁長氣）出版咗一本新書，叫做《YouCanWriteBetterEnglish》，作者係有三十餘年國際傳媒經驗嘅BarryKalb，此君曾在CBS、《Time》、美國之音任職，採訪過無數重大新聞，現於港大教授新聞寫作及報道課程，據港大馬靄媛小姐提及，此書有不少例子，引用政府官員演講稿、政府新聞稿、商業信件等等之英文錯處，指導學生寫新聞稿、英文信、美式及英式英文。對大學生、中學生、專業傳訊部工作人員而言，此書應可參考。 飯局上遇到陶傑，向佢請教學英文之道，陶傑叫左丁山多睇《經濟學人》，多睇《金融時報》，仲教番一招秘笈，真係多謝晒。中學生睇《TheEconomist》或《FT》，可能有困難，但肯捱肯學嘅話，正是學乎其上，得乎其中，已經唔錯o架嘞，家長如能花費些少，訂閱呢兩份報刊畀子女睇，係良好投資。
20100730-331,20100730,331,沒有郵票、過去幾年 - 古德明,沒有郵票、過去幾年 - 古德明 問：「我沒有郵票」一語，貴欄譯做Ihaven'tanystamps，是什麼句法？怎麼不是Idon'thaveanystamps？ 答：Have解作「有」的時候，用於否定或疑問句，英式英文較正統的寫法，是不用do字帶出的，第二版《牛津高階英文詞典》have條下有以下兩句：（1）Hehasn'tagoodmemory（他記性不好）。（2）Hassheblueeyesorbrowneyes?（她的眼睛是藍色還是棕色？） 今天，英式英文受美國影響，隨便一點，否定或疑問句中解作「有」的have，一般也會用do帶出，例如：（1）Hedoesn'thaveagoodmemory。（2）Doesshehaveblueeyesorbrowneyes?讀者多看了這類句子，對Ihaven'tanystamps這寫法，自然就感到陌生。 問：貴欄曾有以下一句：TheMayofthisyearwasthecoolestoneinthepast40years（今年的五月，是四十年來最涼的五月）。有一本文法書說，thepastfewyears這樣的片語（phrase）之前，可用during或over，但不可用in，然則貴欄那一句有沒有錯？ 答：In/during/overthepastfewyears都是「過去幾年內」的意思，沒有什麼分別。請看CambridgeInternationalDictionaryofEnglishpast條下例句：TheaveragetemperatureworldwidehasrisenbyaboutonedegreeFahrenheitinthepast100years（過去一百年，全球氣溫平均上升了華氏一度左右）。這一句的in改為over或during，也無不可。Thepastfewyears等之前可用for，但for是指「有多久」，和in、during、over意思不同。
20100730-332,20100730,332,加推早場　辦挑戰賽西甲搶攻亞洲,加推早場　辦挑戰賽 西甲搶攻亞洲 在本港球迷眼中，英超聯從來無可替代，然而這局面隨時因西甲因應亞洲市場需要而出招，推出17場「早場」及在亞洲籌辦季前挑戰賽而出現變化。在本港擁有西甲播映權的nowTV代表對西甲聯的安排表示歡迎，並估計17場「早場」部份或安排於周中上演。 正在新加坡出席宣傳活動的西甲聯賽會總裁洛卡佩雷斯，於昨日公佈連串亞洲市場攻略法：「部份西甲聯比賽將更改開賽時間，當中有17場會遷就亞洲時間，我們的目標是令西甲成為全球最流行的聯賽，故有必要作出改變。」不過，他暫沒公佈具體細節，例如那17場比賽，以及提早至那個時間進行。 可能於周中提早開波 今年曾組團訪問西班牙的nowsports副總裁賴汝正表示，早聞西甲聯賽會有意擴大亞洲市場的佔有率，他說：「當日我們與聯賽會代表傾談時，對方提過類似安排，但當時尚在建議之中，而他們特別提到部份『早場』比賽或安排於周中進行。」現時西甲最早開香港時間晚上11時正，最夜則是深夜5時正。 除推出「早場」外，洛卡佩雷斯亦表示在明年開始在東南亞國家主辦季前亞洲挑戰賽：「正當西班牙贏得世界盃冠軍，我們相信現在是推出挑戰賽的良機，讓亞洲球迷分享西班牙足球美麗之處，亞洲之後，不排除會向世界其他洲份推廣。」 挑戰賽抄足英超 據了解，賽事模式一如英超挑戰盃，屆時3支西甲球隊將與主辦國家的球隊進行4角賽，至於首屆賽事的地點將於今年稍後時間公佈。 國際足球歷史及統計聯合會（IFFHS）上周公佈，目前世界最佳足球聯賽所屬國家依次為西班牙、巴西、阿根廷及英格蘭。西甲球會巴塞隆拿、皇家馬德里球星如雲，當今球壇兩大天子驕子美斯、基斯坦奴朗拿度分效兩大勁旅，兩隊在亞洲的受歡迎程度，並不遜於英超球會。綜合西班牙外電 今季西甲首輪賽序29/08/10 馬德里體育會vs希杭 靴高斯vs畢爾包 桑坦德vs巴塞隆拿 馬拉加vs華倫西亞 拉科魯尼亞vs薩拉戈薩 利雲特vs西維爾 愛斯賓奴vs基達菲 皇家蘇斯達vs維拉利爾 奧沙辛拿vs艾美利亞 馬略卡vs皇家馬德里 註：前者主場 英超vs西甲 英超 最具代表性球隊：車路士、曼聯 代表球星：朗尼、謝拉特 最早開賽時間：6:30pm＊ 最遲開賽時間：4:00am＊ 西甲 最具代表性球隊：巴塞隆拿、皇家馬德里 代表球星：美斯、基斯坦奴朗拿度 最早開賽時間：11:00pm＊ 最遲開賽時間：5:00am＊ ＊香港時間
20100730-333,20100730,333,求驗客手記：連救兩球十二碼基雲復出赫特危矣 - 求驗客,求驗客手記：連救兩球十二碼 基雲復出赫特危矣 - 求驗客 今夏喺轉會市場最多動作嘅，相信英超嘅曼城認咗第2，都冇人敢認第1，聽講佢哋仲會喺24小時內公佈意大利前鋒巴洛迪利加盟。而英國博彩公司stanjames就開出咗一個曼城特別賠率，估中曼城喺8月14日英超開鑼戰作客熱刺嘅正選11人，賠率有26倍。雖然賠率好分，不過難度都好高，因為曼城家嘅大軍名單已膨脹至40人，而喺周三對阿美利加場友賽，連上季季尾肩傷長唞嘅門將基雲都復出埋，仲撲出咗兩個12碼，協助球隊互射12碼勝出，咁你話幾難估曼城邊11個正選嘞！話時話，基雲今次復出，對英格蘭年輕門將赫特嚟講都咪話唔係壞消息，因為佢一心諗住由伯明翰返嚟，可以穩坐門將第一把交椅o架！
20100730-334,20100730,334,求驗客手記：訪布拉加吞三蛋些路迪歐聯瀕出局 - 求驗客,求驗客手記：訪布拉加吞三蛋 些路迪歐聯瀕出局 - 求驗客 星期三有8場歐聯第3圈外圍賽首回合有開盤，結果兩隊歐洲老牌球隊些路迪及阿積士都跣到捧場客眼坦坦，阿積士喺主場對住PAOK，雖然有烏拉圭射手蘇亞雷斯先開紀錄，但係喺下半場被追平，莫講話1.7倍嘅[-1]「主勝」，連1.24倍嘅單W都保唔住。些路迪就仲衰，佢哋呢場作客葡萄牙布拉加，雖然係新帥連儂首場領軍嘅歐洲賽，但成隊波都唔知踢乜，結果淨吞3蛋，連[+1]嘅「客勝」都開唔出。話就話些路迪下場有主場之利啫，但落後3球咁多，真係好難追噃。
20100730-335,20100730,335,求驗客手記：愛心爆棚想簽隻驢哈利列納估你唔到 - 求驗客,求驗客手記：愛心爆棚想簽隻驢 哈利列納估你唔到 - 求驗客 英超球隊熱刺嘅領隊哈利列納，喺日前作出今夏一個重要收購，就係簽咗驢女阿娜普卡！冇錯，係一隻驢。話說阿娜普卡喺上個禮拜二，喺俄羅斯被迫做「空中飛驢」，幫私人海灘招待顧客；當哈利列納知道呢件事後，就好嬲同埋覺得阿娜普卡好可憐，佢話：「動物係應該受到我哋愛護而唔係虐待嘅，睇到阿娜普卡嘅情況，實在令我作嘔。」愛心爆棚嘅哈利列納，仲透過英國《太陽報》話希望收養阿娜普卡，而《太陽報》家正同英國方面交涉緊，希望可以將阿娜普卡帶返英國咁話。
20100730-336,20100730,336,求驗客手記：下周出冊有路行馬龍京治有人要？ - 求驗客,求驗客手記：下周出冊有路行 馬龍京治有人要？ - 求驗客 仲記唔記得馬龍京治？佢咪就係因為喺08年尾性侵犯同毆打一名女性，而被判入冊嗰個前屈福特前鋒囉！佢入冊後仍然新聞多多，一時又話俾人恰，一時又話已經變好仲改信咗回教。點都好，佢將會喺下個禮拜出冊，而前屈福特、現高雲地利嘅領隊貝夫萊特都算有情有義，打算等30歲嘅馬龍京治出獄後同佢傾吓出路。貝夫萊特話：「等馬龍京治出獄後，我會好好同佢傾吓。雖然有人會對號入座，以為高雲地利會搵佢，不過我要強調我哋係傾吓啫。」貝夫萊特咁強調話唔會搵馬龍京治加盟，有啲嘢喎。
20100730-337,20100730,337,日乙攻略：岡山穩打穩「札」博下盤 - 青蛙仔,日乙攻略：岡山穩打穩「札」博下盤 - 青蛙仔 日乙於周五有場獨腳戲，由岡山綠雉主場對札幌岡薩多，岡薩多雖有名牌前鋒中山雅史助陣，但傷停球員多，加上欠入球能力，故要作客讓波，宜取綠雉下盤及「讓球主客和」[+1]的「主勝」。 岡薩多攻力疲弱 現於聯賽榜排第11位的岡薩多，季前簽入42歲的日本名將中山雅史，球隊增加了星味，但基於球隊欠入波板斧，故此攻力未見因此而增強。開「咧」至今他們於18場聯賽只入20球，其中於客場入波更少，9場僅入8球。 另外，他們亦陣容不整，除有李漢宰、堀田秀平、岩沼俊介、箕輪義信及趙晟桓等長期傷兵之外，後防兩名主力石川直樹及西琼弘之則要坐波監。故此，他們難有本錢贏綠雉，「讓球」作客讓平/半及「讓球主客和」[-1]，肯定不值得捧場。 暫列第16位的綠雉於18場聯賽只入9球，與包尾的北九州向日葵同成為今季日乙只入單位數的球隊。 無疑他們攻力疲弱，不過守力尚算可以接受，事關只失20球，失球遠比同級的大分三神、富山勝利、草津溫泉及北九州向日葵少。此外，他們只缺新中剛史，其他主力包括岸田裕樹、近藤徹志及李東明等都可披甲，有力令岡薩多失分而回，受讓值捧。文：青蛙仔 讓球/讓球主客和 星期五1岡山綠雉（下） 星期五1岡山綠雉勝[+1]（1.62）
20100730-338,20100730,338,孖寶半全膽推介 - 青蛙仔,孖寶半全膽推介 - 青蛙仔 球賽編號：星期五2 對賽隊伍：克萊蒙特vs梅斯 半場　0:0 全場　1:0　0:0　0:1 球賽編號：星期五4 對賽隊伍：勒哈弗爾vs勒芒 半場　0:0 全場　1:0　0:0　0:1 共9注　青蛙仔提供 簡評：法國波向來少入球，加上適逢是季初，4支比賽球隊包括克萊蒙特、梅斯、勒哈弗爾及勒芒都狀態未起，故向細比數波膽埋手，半場則同取0:0。
20100730-339,20100730,339,蘋果波經賠率表〈球賽編號：星期五1-4〉,蘋果波經賠率表〈球賽編號：星期五1-4〉
20100730-340,20100730,340,精采一刻：先開紀錄,精采一刻：先開紀錄 北韓國腳前鋒鄭大世（前），周三為德乙球會波琴處子登場，友賽另一間德乙球會杜伊斯堡。而他於19分鐘射入12碼先開紀錄，但杜斯伊堡於26分鐘由巴查克扳平，最終兩隊踢成1:1。GettyImages
20100730-341,20100730,341,法比仔、尹佩斯或缺開鑼戰,法比仔、尹佩斯或缺開鑼戰 阿仙奴領隊雲格表示，分別幫助西班牙及荷蘭打入世界盃決賽的法比加斯、尹佩斯，或未必有足夠狀態在下月15日英超開鑼戰作客利物浦時上陣，早前已有丹麥前鋒賓特拿季初因傷缺席，而兩人將在下月5日歸隊。綜合外電（英格蘭）
20100730-342,20100730,342,轉會市場埋單計數熱火贏到開巷,轉會市場埋單計數 熱火贏到開巷 NBA自由市場在本月重開後，至今近一個月已幾乎塵埃落定。大贏家當然是組成「SuperBig3」的熱火，勒邦占士及保殊來投令球隊躍升奪標大熱。有贏當然有輸，在「大帝爭奪戰」失敗，令紐約人、網隊及騎士同樣輸得轟烈。金鍀 《贏家Winner》 SuperBig3地上最強 熱火在總裁萊利運籌帷幄，加上獲迪親自游說，令熱火得以在「大帝爭奪戰」成功突圍，成功羅致「史上最強自由身球員」勒邦占士，加上買一送一的保殊，令06年總冠軍熱火組成「SuperBig3」；更重要是一眾老將紛紛因其強勁陣容來投，包括伊古斯卡斯、祖雲侯活及米克米拿等，熱火絕對是今次轉會市場的「淘寶之王」！ 湖人增3將助鐵三角 矢志爭取3連霸的湖人，擁有拜恩、加素及阿達斯的「鐵三角」，整體實力已屬一線，不過控衞實力較弱，費沙年紀又大，故引入擅打半場戰的控衞比歷克作替補，令實力更完整。湖人亦針對熱火3子，以360萬美元低價引入「惡形惡相」的防守專家班尼斯，加上老中鋒拉列夫，是今夏另一贏家。 公牛老少兼備成黑馬 連續兩季季後賽首圈止步的公牛積極引援，亦取得不俗成績。公牛以控衞戴歷路斯及中鋒諾亞為球隊核心，簽入「爵士3子」布沙、高華及朗奴保亞，再加上老將卻迪湯馬士，這個老少兼備的陣容令他們不致落後熱火太多，新一季可望繼續成為爭標黑馬。 《輸家Loser》 騎士散班重建需時 「大帝爭奪戰」落幕，誕生了3隊輸家，最慘烈當然是騎士。這支占士家鄉球隊出盡百寶，仍只能看着「大帝」南逃邁阿密，之後班主丹基拔於公開信詛咒占士亦於事無補，球隊頓時散班要由頭重建。 紐約人網隊輸得慘烈 輸得慘的還有紐約人及網隊。兩隊大張旗鼓，本希望藉占士加盟而重回強隊之列，可惜願望成空。其中紐約人可能早知希望不大，故賣走「白人之光」大衛里爾，及以頂薪引入A史杜達米亞；不過後者有膝傷，打法亦需控衞配合，故紐約人此舉看來不太明智。 網隊有俄國鋼鐵大王普克豪洛夫入主成為新班主，矢志重振聲威，但無法邀來占士，加盟的新兵名氣最大也只是前湖人控衞法瑪，下季看來要繼續重建。唯一慶幸是找來艾菲利莊遜擔任教練，且看他能否助網隊起死回生。 鷹隊簽祖莊遜敗筆 當所有球隊對「大帝」虎視眈眈，鷹隊卻「不為所動」，率先以頂薪1.2億美元，留住毫無領袖風範的「鷹王」祖莊遜，令球隊再無籌碼增兵；而傳媒更普遍認為，鷹隊2、3季後就會為祖莊遜續約之舉後悔不已。
20100730-343,20100730,343,特稿：講波佬唔使捱眼瞓,特稿：講波佬唔使捱眼瞓 西甲新球季將有「早場」提供，兩名香港著名足球評述員何輝及鄭兆聰深感興奮，除因有更多觀眾欣賞這項技術層面與英超不遑多讓的西甲聯賽外，日後不用捱眼瞓睇波亦是喜訊。 早前被派到西班牙公幹的nowTV足球評述員鄭兆聰認為，西甲聯賽會近年開始關注亞洲巿場，他說：「雖然首季只得17場早場直播，但怎樣說也好都算是踏出一大步，證明他們準備開拓亞洲巿場。」 「下游球隊有遺珠」 廣東省電視台足球評述員何輝指，消費者今後多了選擇絕對是好事，但暫時仍未對港人最愛的英超聯造成衝擊。何輝補充：「從技術層面看，西甲聯賽的平均水平其實與英超聯相若。巴塞隆拿、皇家馬德里及華倫西亞等勁旅，人腳與車路士、曼聯、阿仙奴及利物浦的英超Big4相差不遠；中游球隊方面，英超的曼城、阿士東維拉會較西甲的中游球隊佳，但下游球隊方面，西甲球隊無論成績如何差勁，總有一、兩位技術出眾的球員領軍，反觀英超下游球隊就不見這現象。」本報記者
20100730-344,20100730,344,特稿：4大長老伺機發圍,特稿：4大長老伺機發圍 英雄只會在沙場「戰死」，除了一眾搶手自由身，聯盟亦有不少壯志未酬的老將，，當中包括以下的「4大長老」，正等待寶貴機會來臨，在新球會綻放餘暉！ 巨無霸仍具叫座力 38歲的奧尼爾生涯已贏盡所有榮譽，亦有4枚總冠軍指環，但熱愛競爭的「巨無霸」揚言期望多打兩季。雖然奧尼爾已失去了盛年時的爆炸力和速度，不過7呎1吋和逾300磅的體重，令他始終是籃下的一大武器。只要他放下身段，肯自願減薪，在現今中鋒乏人的年代亦有叫座力。有傳「巨無霸」有望加盟塞爾特人，若屬實便可與謝美恩奧尼爾，組成「O'Neal2人組」，定必成為球迷熱話。 另一搶手老將當然是「不死戰神」艾華遜（AI），35歲的他雄心是否一如昔日，相信如他的綽號「TheAnswer」一樣，只有他自己才最清楚。今時今日的AI已難再每場攻入30、40分，但入楔和傳球本領卻未有褪色，其經理人更揚言他準備好擔任球隊任何角色，相信球迷亦熱切他的「復出」。 市場餘下較有價值的待業老將，便要數到兩位「得分機器」史達侯斯及麥基迪。35歲的史達侯斯射術穩定，如加盟熱火或可成穩定後備得分點，料不難落班。至於T-Mac其實只是31歲，不過傷勢令他大不如前，更重要是不肯充當後備，在場上又乏鬥心，故公牛在「埋門一腳」仍打消簽下他的念頭。如果T-Mac再不肯任「後備殺手」，隨時要在聯盟消聲匿跡。
20100730-345,20100730,345,美國15人大軍出爐,美國15人大軍出爐 【綜合美國外電】出戰土耳其籃球世錦賽的美國隊，周三公佈裁走的4人名單，分別為帝王後衞T伊雲斯、灰熊後衞OJ美奧、山貓前鋒G華萊士及巫師中鋒麥伊，「生還」的15人將會出席8月9日在紐約展開的訓練營。 叮走麥伊內線更薄弱 矢志重奪失落16年世錦賽冠軍殊榮的美國隊，內線實力甚為薄弱，更被外界諷為「冬甩」（Donut，意即內線空虛），但今次被裁名單卻包括在「藍白對抗賽」之中表現不俗的中鋒麥伊，使內線僅剩真達拿及B盧比斯兩名中鋒。美國男籃主席哥利哲奴（JerryColangelo）解釋22歲的麥伊經驗尚淺，難有貢獻。 美國隊最終的12人陣容，最遲要於世錦賽開賽前兩日的最後限期前公佈，但外界預料溜馬的格蘭傑、雷霆的J格連、快艇的E哥頓將最終被「叮走」。美國隊將在下月15日於紐約與法國隊進行熱身賽，之後會飛往歐洲進行3場熱身賽，最重要戲碼為下月22日在西班牙馬德里，與世錦賽衞冕之師西班牙對戰；美國隊世錦賽首戰對克羅地亞。 美國男籃15人名單 中鋒：真達拿（小馬）、B盧比斯（網隊） 前鋒：奧當（湖人）、路夫（木狼）、伊古達拉（76人）、杜蘭特（雷霆）、基爾（灰熊）、J格連（雷霆）、格蘭傑（溜馬） 後衞：比立斯（金塊）、戴歷路斯（公牛）、韋斯布克（雷霆）、朗度（塞爾特人）、史堤芬居里（勇士）、E哥頓（快艇） 註：12人大軍名單最遲於26/08公佈；（）內為所屬球隊 資料來源： http://www.espn.com 
20100730-346,20100730,346,第5屆海峽盃籃球賽谷盡撼澳門　南華誓攞頭彩,第5屆海峽盃籃球賽 谷盡撼澳門　南華誓攞頭彩 剛以第4名完成超級聯賽的南華，成績稍令人失望，故昨日已開操，希望今日6時在台北體育館上演的海峽盃籃球賽揭幕戰，能夠擊敗澳門福建體育會（下稱澳門）一洗頹風。 第5屆海峽盃籃球賽將於今日在台北體育館揭開戰幔，去屆亞軍南華雖然於月中在香港舉行的籃球超級聯賽，分別向今次有份出戰海峽盃的台灣啤酒籃球隊及福建鱘興借來「野獸」林志傑及身高達2米02的長人中鋒楊庚霖助拳，可惜成績未見理想。 為了一洗頹風，南華大軍前日抵達寶島後，昨晨即到友隊台灣啤酒的訓練場進行一個半小時的操練，積極備戰。可能因舟車勞頓，隊長兼中鋒譚偉洋有輕微水土不服；而主力羅意庭則因在月中出戰「超聯」時「拗柴」，腳傷初癒，在操練中改當鋪橋搭路的角色，得分點稍為削弱。不過，教練梁達強直言阿洋及阿庭二人絕不可能同時缺陣︰「其實他們二人的情況也很樂觀，如無意外都會正選上陣，最壞打算也只可以讓他們其中一人缺陣，因為他們在場壓陣，有助穩定軍心。」梁sir又指球員征戰連場，部份球員戰意不足而力不從心，希望今晨賽前最後一課操練，可及時回復狀態。 惠龍兒可補內線不足 雖然兩大主力狀態不足，不過南華已從應屆「超聯」冠軍福建借來身高逾2米的惠龍兒（Duncan），以及曾效力南華5季的石少基，以填補李劍煌及陳浩明因工作而未能隨隊的空缺。 身高2米06的Duncan比譚偉洋還要高11厘米，教練梁達強對此子寄予厚望︰「他是傳統中鋒的打法，恰巧阿庭的腳傷減低了其攻力，假若球隊的外線不靈，Duncan可於內線搶分彌補。」年僅21歲的Duncan於操練後亦自行到酒店健身加操，態度認真，可望協助南華擊退有多名代表隊成員壓陣的澳門，打響頭炮。 第5屆海峽盃籃球賽賽程 30/07（周五） 6:00pm　南華vs澳門福建體育會 7:40pm　開幕典禮 8:00pm　福建鱘興vs台灣啤酒 場地：台北體育館 31/07（周六） 2:00pm　澳門福建體育會vs福建鱘興 4:00pm　南華vs台灣啤酒 場地：宜蘭大學體育館 01/08（周日） 1:00pm　福建鱘興vs南華 4:00pm　澳門福建體育會vs台灣啤酒 場地：宜蘭大學體育館 註︰賽事免費入場 參賽球隊︰南華（香港）、台灣啤酒（SBL）、福建鱘興（CBA）、澳門福建體育會（澳門） 「西」遊記 經過整個甲一球季，加上籃球超級聯賽，南華球員繼續越洋出戰海峽盃，無疑有點勞碌，但正所謂有「Story哥（李嘉耀），冇奔波」，由型味可媲美影星古天樂的南華前鋒李嘉耀帶領下，部份球員昨日於比賽前先來台北西門町吃喝購物，輕鬆一番，「叉足電」後今日再與澳門一決高下。 消暑 嚟到台北梗係要飲番杯地道嘅台式飲品。噚日台北正午成攝氏33度，熱得李嘉耀（前左起）、劉子健同周健宏幾名南華兵都要換晒背心同戴晒黑超，但「肥宏」呢個熱情之吻，恐怕「劉子」飲多幾杯珍珠奶茶都下唔到火。 童真 台北有好多夾公仔嘅舖頭，仲只需要10蚊新台幣（約2.5港元）玩一次。咪睇班南華球員牛高馬大，其實好有童真爭相夾公仔，可惜一馬當先嘅「技安」吳家麒（右）都係得個桔。 對峙 台北嘅西門町係潮人必到之地，「一剔」牌最近就喺嗰度擺咗個巨型波鞋模型，由「一剔」品牌贊助嘅球員周健宏（左起）、李翹峰同吳家麒喺模型前面影相當然冇問題啦；至於以李嘉耀（右二）為首嘅「三間」系則在旁裝腔作勢。
20100730-347,20100730,347,Nike全港青少年籃球超級聯賽「蝌蚪」開勝門賀入港大,Nike全港青少年籃球超級聯賽 「蝌蚪」開勝門賀入港大 【本報訊】人稱「蝌蚪」的安青控衞殷兆俊昨日雙喜臨門，早上大學聯招放榜獲香港大學正式取錄，下午則於Nike全港青少年籃球超級聯賽U19小組賽，代表雄獅取得3日來首勝，他期望打好餘下賽事，然後好好享受大學迎新活動。 剛於拔萃男書院完成中七的「蝌蚪」，其實日前已知高考成績達港大運動員獎學金計劃的要求，可於9月攻讀理學士，但昨日9時半上網查閱放榜成績仍然開心：「我又看見好友們在facebook留言6901（港大理學士課程編號），很期望與他們做同學。」他表示希望主修風險管理或統計學，有信心可平衡學業及甲一籃球發展。 今午領軍鬥虎鯊 至於昨日在灣仔修頓室內場舉行的賽事，由於「蝌蚪」所屬的雄獅隊從周二起首兩場小組賽皆未能取勝，因此眾將昨午誓挫戰狼保出線希望。雙方分數接近，雄獅以38:39完上半場；「蝌蚪」於第3節連續射入3個3分，加上臨完該節前再射入2分，令雄獅以55:50反超前；球隊士氣大振下，終以74:66取得賽事首勝。 得全場最高26分的「蝌蚪」說：「雖然輸了首兩場，但仍有信心出線，不過之後兩場必須多得分，以增得失分優勢。」他今日下午5時將對有男拔隊友劉凱濤坐鎮的虎鯊。 Nike全港青少年籃球超級聯賽今日賽程 11:00am　女子U19準決賽 12:30pm　男子U16小組賽 3:30pm　男子U19小組賽 6:30pm　男子U22小組賽 地點：灣仔修頓室內場；賽事免費入場 資料來源： http://www.nikeleague.com.hk 
20100730-348,20100730,348,盧馬特膺歐錦賽飛人,盧馬特膺歐錦賽飛人 【綜合西班牙外電】「法國飛人」盧馬特（ChristopheLemaitre）周三在西班牙巴塞隆拿舉行的歐洲田徑錦標賽，男子100米決賽以10秒11奪冠，他或會被邀請於下月6日在斯德哥爾摩的鑽石田徑聯賽，越級與3大「百米飛人」牙買加的保特、鮑維、美國的基爾爭奪「世界飛人」殊榮。 20歲盧馬特在7月初的法國田徑錦標賽男子100米，跑出9秒98的成績，成為首位突破10秒大關的白人選手，因而令他一戰成名。他於周三決賽力壓跑出10秒18的英國選手法蘭斯勝出後，更戴上草帽向現場觀眾揮手致意。他亦將於周五出戰200米、周日出戰4x100米接力，或有機會成為「3冠王」。 下月或挑戰保特 盧馬特今次成為「歐洲王者」後，或獲邀參加下月6日的斯德哥爾摩的鑽石田徑聯賽；該賽事為世績保持者保特、基爾、鮑維今年首次3人同時交鋒，如再加上盧馬特定必掀起連番激戰。此外，下月12日的蘇黎世站鑽石聯賽主辦人，周四確定保特將為牙買加隊出戰隊際賽，屆時可再與美國的基爾團隊一較高下。
20100730-349,20100730,349,足球　蔡振華獲委任掌管足球,足球　蔡振華獲委任掌管足球 中國國家體育總局於日前宣佈，蔡振華將接替崔大林成為主管足球的總局副局長，盼其把掌管乒乓球事務的成功移植到足球方面。據悉蔡振華只負責行政工作，不會擔任中國足協主席。綜合外電（中國）
20100730-350,20100730,350,足球　南華釜山友賽僅敗,足球　南華釜山友賽僅敗 正在釜山集訓的南華，昨日與蔚山大學進行友賽，賽事分4節進行，每節30分鐘；雖然南華由蘇沙、卡里祖及趙俊傑建功，但仍以3:4落敗，圖為中場郭建邦（左）與對方球員鬥法。本報消息（南韓）
20100730-351,20100730,351,羽毛球　周蜜躋身半準決賽,羽毛球　周蜜躋身半準決賽 世界排名13的港將周蜜，昨於澳門羽毛球錦標賽女單次圈以2:1勝日本的平山優，晉身半準決賽，今日下午4時半將與同樣來自日本的後藤愛對壘。本報消息（澳門）
20100730-352,20100730,352,籃球　馬貝利簽山西3年,籃球　馬貝利簽山西3年 33歲控衞馬貝利周四與去年已合作的CBA的山西隊，達成簽約3年協議，合約首兩年為球員性質，第3年或可視乎身體狀態，或會擔任球隊助教職務，據悉每年年薪約為10萬美元。綜合外電（中國）
20100730-353,20100730,353,壁球　歐詠芝8強出局,壁球　歐詠芝8強出局 世界排名16的歐詠芝，前日在新加坡壁球大師賽首圈爆冷以3:2擊敗世界排名第6、埃及的奧妮雅，惜周四8強賽以1:3不敵世界排名第7的愛爾蘭球手派利，與大師姐趙詠賢雙雙出局。本報消息(新加坡)
20100730-354,20100730,354,國米季初陷「地獄」,國米季初陷「地獄」 【綜合意大利外電】意大利聯賽會於周三公佈新一季賽序，由新帥賓尼迪斯領軍的衞冕隊國際米蘭，在9月底將會進入地獄賽序。 球季賽序是在聯賽會主席巴列達監督下以抽籤形式決定，球季於下月29日展開，而首個高潮位是第5輪（9月26日）羅馬主場對國際米蘭，即先後任教華倫西亞，又曾在英超球壇打滾的雲尼亞里、賓尼迪斯將會領兵正面交鋒。該仗之後，國米須先進行歐聯分組賽，然後於第6輪迎擊祖雲達斯，即短期內進行多場硬仗。 AC對手較弱 國米老兵馬特拉斯日前表示對賓帥充滿信心：「摩連奴不能取代，但賓帥也有自己的一套足球哲學，他樂於改善球員的能力，即使我快將37歲，他也沒有忽略。」 志切重振雄風的祖雲達斯，今季由去季帶領森多利亞殺入前4的迪尼利領軍，該新帥將於第2輪領「黑白兵團」迎戰森多利亞，即面對自己的「過去」。列強中，以AC米蘭季初的賽序較易應付，頭3輪的對手不過是升班馬萊切、切塞納及卡坦尼亞。 今季意甲將有4輪周中賽序，分別於9月22日、11月10日、明年1月6日及2月2日進行。 今季意甲首輪賽序29/08/10 巴里vs祖雲達斯 博洛尼亞vs國際米蘭 基爾禾vs卡坦尼亞 費倫天拿vs拿玻里 AC米蘭vs萊切 巴勒莫vs卡利亞里 帕爾馬vs布雷西亞 羅馬vs切塞納 森多利亞vs拉素 烏甸尼斯vs熱拿亞 註：前者主場
20100730-355,20100730,355,賽車　摩納哥站辦至2020年,賽車　摩納哥站辦至2020年 F1主席艾利斯通周三與摩納哥汽車聯會主席巴奧利在倫敦達成協議，摩納哥站將舉辦至2020年，明年的F1的摩納哥站將於5月29日舉行。綜合外電（英國）
20100730-356,20100730,356,求驗客手記：SuperBig3勁過頭？熱火上最乞人憎榜 - 求驗客,求驗客手記：SuperBig3勁過頭？ 熱火上最乞人憎榜 - 求驗客 愛與恨絕對只係一線之差，好似「大帝」勒邦占士、保殊（圖）轉投熱火後，佢兩個就變成犯眾憎，速龍總經理哥利哲奴怒插保殊上季成日詐傷，而日前有位球迷着住占士嘅熱火6號球衣去睇美職棒球隊克利夫蘭印第安人（ClevelandIndians）時，就因為着錯衫激起民憤，最終要被護送先走到，可見怨恨呢樣嘢真係威力好大o架！美國《體育畫刊》唔知係咪想同大家出出氣，就搞咗個「體壇歷來最乞人憎的25支球隊」，有SuperBig3嘅熱火當然榜上有名，之不過佢哋家一場都未打，暫排住25位先。
20100730-357,20100730,357,今日有乜睇,今日有乜睇
20100730-358,20100730,358,老馬反擊　狂插主席恩師,老馬反擊　狂插主席恩師 【綜合阿根廷外電】剛失掉阿根廷國家隊主帥職務的馬勒當拿，於周三作出大反擊，既指足總主席格朗當拿滿口謊言，又稱被國家隊總監貝拉度出賣，昔日師徒情誼盡化怨恨。 老馬於周三在布宜諾斯艾利斯近郊一間餐廳，在家人陪同與多名記者見證下作出控訴：「格朗當拿向我說謊，貝拉度出賣我。」老馬說時隱見淚珠，淚水卻沒奪眶而出。他續說：「在南非，當我們遭德國打敗時，格朗當拿在眾目睽睽下聲稱滿意我的表現，希望我繼續領軍，那時我已經與教練團準備繼續領軍，但返阿根廷後，事情開始改變。」 「貝拉度背後出陰招」 49歲的馬勒當拿於86年高捧世界盃，當時的教練正是貝拉度，而在決賽周前已傳出兩人不和。老馬坦言遭對方出賣：「當大家仍為受挫於德國感到悲痛時，他已默默在背後出陰招，決心踢走我。現在主宰國家隊的人，都不是真正關心阿根廷足球！」整個控訴大會歷時10分鐘，卻不設發問環節。 就老馬的控訴，格朗當拿強調自己沒說謊，只是言談間出現誤會。至於阿根廷總統費爾南德斯表示在老馬的控訴會後，曾與對方通電，並重申自己支持馬勒當拿，認為對方不應獲這種待遇。
20100730-359,20100730,359,列貝利自爆雜交冇畀錢,"列貝利自爆雜交冇畀錢 【綜合法國外電】效力拜仁慕尼黑的27歲法國國腳中場列貝利，日前承認與友人交換性伴侶，但否認曾經嫖雛妓。 與賓施馬及高禾等法國球員一同捲入嫖雛妓醜聞的列貝利表示，他於去年4月邀請好友卡美，以及兩名女子包括嫖雛妓事件的女主角莎希雅迪哈，前赴德國慕尼黑一同慶祝26歲生日。據了解，卡美專替列貝利「扯皮條」，幫他搭路及瞞着其妻子到外面偷食。 列貝利向法國報章《巴黎人》表示：「卡美及我與那兩個女孩發生了性行為，該晚我們還交換了性伴侶。之後我留低她們，與卡美回家。她們願意跟我睡，全因我的名氣以及我富有。而她們亦享受了一段美好時光。」 從沒支付肉金 然而，列貝利否認曾嫖妓，因他從沒支付莎希雅迪哈700歐元（約7,000港元）的肉金。他更表示莎希雅迪哈與他發生性行為時，揚言已滿18歲。故此，外界指他嫖雛妓的指控是完全不成立。根據法國法例，嫖妓是合法，但與未滿18歲的妓女進行性行為卻是違法。"
20100730-360,20100730,360,轉會更衣室：曉士勢掌富咸,"轉會更衣室：曉士勢掌富咸 英超球會富咸的新領隊人選似乎終於敲定，因為該支倫敦球會的發言人指會在未來24至48小時內有公佈，而一般相信，前曼城領隊曉士將會替富咸掌帥，而曉士將自組教練班底。 貝迪素 位置：後衞 國籍：阿根廷　年齡：29歲 現效球會：國際米蘭（意甲） 傳聞加盟球會：祖雲達斯（意甲） 轉會費：620萬鎊 成事指數：◎◎◎◎◎ 泰斯治 位置：後衞 國籍：德國　年齡：23歲 現效球會：史特加（德甲） 傳聞加盟球會：阿仙奴（英超） 轉會費：1,850萬鎊 成事指數：◎◎ 連迪加特 位置：門將 國籍：丹麥　年齡：26歲 現效球會：阿里辛特（挪超） 傳聞加盟球會：曼聯（英超） 轉會費：無透露 成事指數：◎◎◎◎ 希比 位置：中場 國籍：白俄羅斯　年齡：29歲 現效球會：巴塞隆拿（西甲） 傳聞加盟球會：阿士東維拉（英超） 轉會費：400萬鎊 成事指數：◎◎◎ 歐洲各大聯賽轉會窗於7月1日重開，我們會追蹤各主要球星轉會動向，為大家第一手報道球星最新落腳點。 註：以5◎為最高"
20100730-361,20100730,361,周五至下周一各地聯賽、友賽及盃賽賠率表,周五至下周一各地聯賽、友賽及盃賽賠率表
20100730-362,20100730,362,周三部份球賽賽後報告,周三部份球賽賽後報告 蘇亞雷斯（16號）為阿積士建功，奈何球隊最終未能勝出。法新社
20100730-363,20100730,363,求驗客手記：細佬唔生性傳被綁貝碧愁到爆 - 求驗客,求驗客手記：細佬唔生性傳被綁 貝碧愁到爆 - 求驗客 曼聯噚日朝喺美國侯斯頓大炒美職聯明星隊5:2，相信領隊費格遜都滿意球員嘅演出，但係佢哋嘅保加利亞前鋒貝碧托夫就斯人獨憔悴喇，事關有傳佢個唔生性嘅細佬懷疑俾黑幫綁架，搞到佢坐立不安，為搵細佬而煩惱，唔怪得噚日朝早場波佢冇份踢啦。 細佬黑底一身屎 英國傳媒日前爆料，貝碧托夫嘅23歲細佬雅辛同佢太太美美，喺保加利亞開時裝店，但就失蹤咗成個月，打極手機都冇人聽，貝碧懷疑佢俾當地黑幫綁咗，而為咗雅辛嘅安全亦唔敢報警住。保加利亞南部城市布拉戈耶夫格勒嘅警方發言人咁講：「我哋未收到有人報警，唔可以展開調查。」 我求大俠收到風，雅辛本身好有問題，除咗欠落一身街數，仲因為假卡詐財案而俾警方荷槍實彈闖入屋，帶走佢幾部電腦同一堆文件以作調查。另外，佢亦好鍾意賭錢同埋吸食可卡因，結果搞到同貝碧反晒面。一句講晒真係好人有限，但貝碧同佢始終係親兄弟，你話唔擔心就假。 人怕出名豬怕肥，貝碧係保加利亞最top嘅足球員，身家閒閒哋過千萬鎊，所以唔少人都想打佢主意。舊年就有傳黑幫想綁佢屋企人，然後勒索佢50萬鎊，好彩佢收到風閃得快先逃過一劫。因此，有指雅辛今次失蹤，最終目標都應該係貝碧，想屈佢一筆。但係，雅辛佢衰到冇人有，亦唔排除串埋街外人昆貝碧。 紅魔友賽炒美職明星 講開噚日朝場波，曼聯喺美洲之旅尾二一仗精銳盡出，雲達沙、布朗、莊尼伊雲斯、奧沙、傑斯、費查同拿尼等全部正選，結果憑馬捷達梅開二度，同埋吉遜、卡華利及新簽嘅「小豆」查維亞靴南迪斯各建一功，大勝美職聯明星隊5:2，賽後老費仲大讚同貝碧一樣係打前鋒嘅馬捷達同「小豆」㖭。其實貝碧喺美國之旅表現唔錯，如果因為細佬單嘢而搞到狀態跌番，影響佢喺曼聯嘅發展，咁就認真唔抵。
